boundary
contour
1.660000 0.860000 -0.000000
1.670000 0.860000 -0.000000
1.650000 0.860000 -0.000000
1.660000 0.860000 -0.000000
1.640000 0.860000 -0.000000
1.650000 0.860000 -0.000000
1.630000 0.860000 -0.000000
1.630000 0.860000 -0.000000
1.610000 0.860000 -0.000000
1.610000 0.860000 -0.000000
1.590000 0.860000 -0.000000
1.590000 0.860000 -0.000000
1.570000 0.860000 -0.000000
1.570000 0.860000 -0.000000
1.551026 0.866325 -0.000000
1.532053 0.872649 -0.000000
1.540000 0.870000 -0.000000
1.522112 0.878944 -0.000000
1.504223 0.887889 -0.000000
1.486334 0.896833 -0.000000
1.500000 0.890000 -0.000000
1.480597 0.894851 -0.000000
1.461194 0.899701 -0.000000
1.441791 0.904552 -0.000000
1.460000 0.900000 -0.000000
1.443359 0.911094 -0.000000
1.426718 0.922188 -0.000000
1.430000 0.920000 -0.000000
1.411026 0.926325 -0.000000
1.392053 0.932649 -0.000000
1.400000 0.930000 -0.000000
1.383359 0.941094 -0.000000
1.366718 0.952188 -0.000000
1.370000 0.950000 -0.000000
1.355858 0.964142 -0.000000
1.341716 0.978284 -0.000000
1.350000 0.970000 -0.000000
1.333359 0.981094 -0.000000
1.316718 0.992188 -0.000000
1.320000 0.990000 -0.000000
1.305858 1.004142 -0.000000
1.291716 1.018284 -0.000000
1.300000 1.010000 -0.000000
1.287506 1.025617 -0.000000
1.275012 1.041235 -0.000000
1.262518 1.056852 -0.000000
1.250024 1.072469 -0.000000
1.260000 1.060000 -0.000000
1.245858 1.074142 -0.000000
1.250000 1.070000 -0.000000
1.238906 1.086641 -0.000000
1.227812 1.103282 -0.000000
1.230000 1.100000 -0.000000
1.221056 1.117889 -0.000000
1.212111 1.135777 -0.000000
1.220000 1.120000 -0.000000
1.205858 1.134142 -0.000000
1.191716 1.148284 -0.000000
1.200000 1.140000 -0.000000
1.193676 1.158974 -0.000000
1.187351 1.177947 -0.000000
1.190000 1.170000 -0.000000
1.175858 1.184142 -0.000000
1.161716 1.198284 -0.000000
1.170000 1.190000 -0.000000
1.163675 1.208974 -0.000000
1.157351 1.227947 -0.000000
1.160000 1.220000 -0.000000
1.145858 1.234142 -0.000000
1.131716 1.248284 -0.000000
1.140000 1.240000 -0.000000
1.133675 1.258974 -0.000000
1.127351 1.277947 -0.000000
1.130000 1.270000 -0.000000
1.121056 1.287889 -0.000000
1.112111 1.305777 -0.000000
1.120000 1.290000 -0.000000
1.113675 1.308974 -0.000000
1.107351 1.327947 -0.000000
1.110000 1.320000 -0.000000
1.103675 1.338974 -0.000000
1.097351 1.357947 -0.000000
1.100000 1.350000 -0.000000
1.093675 1.368974 -0.000000
1.087351 1.387947 -0.000000
1.090000 1.380000 -0.000000
1.090000 1.400000 -0.000000
1.090000 1.420000 -0.000000
1.090000 1.410000 -0.000000
1.075858 1.424142 -0.000000
1.080000 1.420000 -0.000000
1.080000 1.440000 -0.000000
1.080000 1.460000 -0.000000
1.080000 1.480000 -0.000000
1.080000 1.470000 -0.000000
1.073676 1.488974 -0.000000
1.067351 1.507947 -0.000000
1.070000 1.500000 -0.000000
1.070000 1.520000 -0.000000
1.070000 1.510000 -0.000000
1.070000 1.530000 -0.000000
1.070000 1.550000 -0.000000
1.070000 1.540000 -0.000000
1.070000 1.560000 -0.000000
1.070000 1.560000 -0.000000
1.070000 1.580000 -0.000000
1.070000 1.600000 -0.000000
1.070000 1.590000 -0.000000
1.070000 1.610000 -0.000000
1.070000 1.610000 -0.000000
1.070000 1.630000 -0.000000
1.070000 1.650000 -0.000000
1.070000 1.650000 -0.000000
1.070000 1.670000 -0.000000
1.070000 1.690000 -0.000000
1.070000 1.680000 -0.000000
1.078944 1.697888 -0.000000
1.087889 1.715777 -0.000000
1.080000 1.700000 -0.000000
1.080000 1.720000 -0.000000
1.080000 1.710000 -0.000000
1.084851 1.729403 -0.000000
1.089701 1.748806 -0.000000
1.094552 1.768209 -0.000000
1.090000 1.750000 -0.000000
1.090000 1.770000 -0.000000
1.090000 1.770000 -0.000000
1.090000 1.790000 -0.000000
1.090000 1.810000 -0.000000
1.090000 1.810000 -0.000000
1.098944 1.827888 -0.000000
1.107889 1.845777 -0.000000
1.100000 1.830000 -0.000000
1.100000 1.850000 -0.000000
1.100000 1.870000 -0.000000
1.100000 1.860000 -0.000000
1.106325 1.878974 -0.000000
1.112649 1.897947 -0.000000
1.110000 1.890000 -0.000000
1.110000 1.910000 -0.000000
1.110000 1.910000 -0.000000
1.110000 1.930000 -0.000000
1.110000 1.950000 -0.000000
1.110000 1.940000 -0.000000
1.118944 1.957888 -0.000000
1.127889 1.975777 -0.000000
1.120000 1.960000 -0.000000
1.120000 1.980000 -0.000000
1.120000 1.970000 -0.000000
1.120000 1.990000 -0.000000
1.120000 2.010000 -0.000000
1.120000 2.000000 -0.000000
1.120000 2.020000 -0.000000
1.120000 2.040000 -0.000000
1.120000 2.030000 -0.000000
1.111056 2.047889 -0.000000
1.102111 2.065777 -0.000000
1.110000 2.050000 -0.000000
1.103675 2.068974 -0.000000
1.097351 2.087947 -0.000000
1.100000 2.080000 -0.000000
1.100000 2.100000 -0.000000
1.100000 2.090000 -0.000000
1.095149 2.109403 -0.000000
1.090299 2.128806 -0.000000
1.085448 2.148209 -0.000000
1.090000 2.130000 -0.000000
1.083676 2.148974 -0.000000
1.077351 2.167947 -0.000000
1.080000 2.160000 -0.000000
1.075149 2.179403 -0.000000
1.070299 2.198806 -0.000000
1.065448 2.218209 -0.000000
1.070000 2.200000 -0.000000
1.061056 2.217889 -0.000000
1.052111 2.235777 -0.000000
1.060000 2.220000 -0.000000
1.051056 2.237889 -0.000000
1.042111 2.255777 -0.000000
1.050000 2.240000 -0.000000
1.043675 2.258974 -0.000000
1.037351 2.277947 -0.000000
1.040000 2.270000 -0.000000
1.035149 2.289403 -0.000000
1.030299 2.308806 -0.000000
1.025448 2.328209 -0.000000
1.030000 2.310000 -0.000000
1.023675 2.328974 -0.000000
1.017351 2.347947 -0.000000
1.020000 2.340000 -0.000000
1.013675 2.358974 -0.000000
1.007351 2.377947 -0.000000
1.010000 2.370000 -0.000000
0.998906 2.386641 -0.000000
0.987812 2.403282 -0.000000
0.990000 2.400000 -0.000000
0.985149 2.419403 -0.000000
0.980299 2.438806 -0.000000
0.975448 2.458209 -0.000000
0.980000 2.440000 -0.000000
0.973675 2.458974 -0.000000
0.967351 2.477947 -0.000000
0.970000 2.470000 -0.000000
0.963675 2.488974 -0.000000
0.957351 2.507947 -0.000000
0.960000 2.500000 -0.000000
0.953675 2.518974 -0.000000
0.947351 2.537947 -0.000000
0.950000 2.530000 -0.000000
0.941056 2.547889 -0.000000
0.932111 2.565777 -0.000000
0.940000 2.550000 -0.000000
0.940000 2.570000 -0.000000
0.940000 2.570000 -0.000000
0.933675 2.588974 -0.000000
0.927351 2.607947 -0.000000
0.921026 2.626921 -0.000000
0.914702 2.645895 -0.000000
0.920000 2.630000 -0.000000
0.911056 2.647888 -0.000000
0.902111 2.665777 -0.000000
0.910000 2.650000 -0.000000
0.901056 2.667888 -0.000000
0.892111 2.685777 -0.000000
0.900000 2.670000 -0.000000
0.900000 2.690000 -0.000000
0.900000 2.690000 -0.000000
0.893675 2.708974 -0.000000
0.887351 2.727947 -0.000000
0.890000 2.720000 -0.000000
0.890000 2.740000 -0.000000
0.890000 2.740000 -0.000000
0.883675 2.758974 -0.000000
0.877351 2.777947 -0.000000
0.880000 2.770000 -0.000000
0.880000 2.790000 -0.000000
0.880000 2.790000 -0.000000
0.873675 2.808974 -0.000000
0.867351 2.827947 -0.000000
0.870000 2.820000 -0.000000
0.863675 2.838974 -0.000000
0.857351 2.857947 -0.000000
0.860000 2.850000 -0.000000
0.860000 2.870000 -0.000000
0.860000 2.870000 -0.000000
0.851056 2.887888 -0.000000
0.842111 2.905777 -0.000000
0.850000 2.890000 -0.000000
0.850000 2.910000 -0.000000
0.850000 2.900000 -0.000000
0.850000 2.920000 -0.000000
0.850000 2.940000 -0.000000
0.850000 2.940000 -0.000000
0.843675 2.958974 -0.000000
0.837351 2.977947 -0.000000
0.840000 2.970000 -0.000000
0.840000 2.990000 -0.000000
0.840000 2.980000 -0.000000
0.840000 3.000000 -0.000000
0.840000 3.020000 -0.000000
0.840000 3.040000 -0.000000
0.840000 3.040000 -0.000000
0.831056 3.057889 -0.000000
0.822111 3.075777 -0.000000
0.830000 3.060000 -0.000000
0.830000 3.080000 -0.000000
0.830000 3.100000 -0.000000
0.830000 3.090000 -0.000000
0.830000 3.110000 -0.000000
0.830000 3.130000 -0.000000
0.830000 3.120000 -0.000000
0.830000 3.140000 -0.000000
0.830000 3.160000 -0.000000
0.830000 3.150000 -0.000000
0.830000 3.170000 -0.000000
0.830000 3.190000 -0.000000
0.830000 3.180000 -0.000000
0.830000 3.200000 -0.000000
0.830000 3.200000 -0.000000
0.830000 3.220000 -0.000000
0.830000 3.220000 -0.000000
0.830000 3.240000 -0.000000
0.830000 3.260000 -0.000000
0.830000 3.250000 -0.000000
0.830000 3.270000 -0.000000
0.830000 3.290000 -0.000000
0.830000 3.280000 -0.000000
0.830000 3.300000 -0.000000
0.830000 3.320000 -0.000000
0.830000 3.310000 -0.000000
0.830000 3.330000 -0.000000
0.830000 3.350000 -0.000000
0.830000 3.340000 -0.000000
0.830000 3.360000 -0.000000
0.830000 3.360000 -0.000000
0.834851 3.379403 -0.000000
0.839701 3.398806 -0.000000
0.844552 3.418209 -0.000000
0.840000 3.400000 -0.000000
0.848944 3.417888 -0.000000
0.857889 3.435777 -0.000000
0.850000 3.420000 -0.000000
0.850000 3.440000 -0.000000
0.850000 3.430000 -0.000000
0.858944 3.447888 -0.000000
0.867889 3.465777 -0.000000
0.860000 3.450000 -0.000000
0.874142 3.464142 -0.000000
0.870000 3.460000 -0.000000
0.870000 3.480000 -0.000000
0.870000 3.480000 -0.000000
0.884142 3.494142 -0.000000
0.880000 3.490000 -0.000000
0.894142 3.504142 -0.000000
0.890000 3.500000 -0.000000
0.904142 3.514142 -0.000000
0.900000 3.510000 -0.000000
0.900000 3.530000 -0.000000
0.900000 3.520000 -0.000000
0.914142 3.534142 -0.000000
0.910000 3.530000 -0.000000
0.924142 3.544142 -0.000000
0.920000 3.540000 -0.000000
0.928944 3.557889 -0.000000
0.937889 3.575777 -0.000000
0.930000 3.560000 -0.000000
0.944142 3.574142 -0.000000
0.940000 3.570000 -0.000000
0.954142 3.584142 -0.000000
0.950000 3.580000 -0.000000
0.950000 3.600000 -0.000000
0.950000 3.590000 -0.000000
0.970000 3.590000 -0.000000
0.960000 3.590000 -0.000000
0.974142 3.604142 -0.000000
0.970000 3.600000 -0.000000
0.970000 3.620000 -0.000000
0.970000 3.610000 -0.000000
0.984142 3.624142 -0.000000
0.980000 3.620000 -0.000000
1.000000 3.620000 -0.000000
0.990000 3.620000 -0.000000
1.004142 3.634142 -0.000000
1.000000 3.630000 -0.000000
1.020000 3.630000 -0.000000
1.010000 3.630000 -0.000000
1.010000 3.650000 -0.000000
1.010000 3.640000 -0.000000
1.024142 3.654142 -0.000000
1.020000 3.650000 -0.000000
1.040000 3.650000 -0.000000
1.030000 3.650000 -0.000000
1.030000 3.670000 -0.000000
1.030000 3.660000 -0.000000
1.050000 3.660000 -0.000000
1.040000 3.660000 -0.000000
1.054142 3.674142 -0.000000
1.068284 3.688284 -0.000000
1.060000 3.680000 -0.000000
1.074142 3.694142 -0.000000
1.070000 3.690000 -0.000000
1.084142 3.704142 -0.000000
1.080000 3.700000 -0.000000
1.094142 3.714142 -0.000000
1.090000 3.710000 -0.000000
1.104142 3.724142 -0.000000
1.100000 3.720000 -0.000000
1.114142 3.734142 -0.000000
1.110000 3.730000 -0.000000
1.124142 3.744142 -0.000000
1.120000 3.740000 -0.000000
1.140000 3.740000 -0.000000
1.130000 3.740000 -0.000000
1.130000 3.760000 -0.000000
1.130000 3.750000 -0.000000
1.147889 3.758945 -0.000000
1.165777 3.767889 -0.000000
1.150000 3.760000 -0.000000
1.164142 3.774142 -0.000000
1.160000 3.770000 -0.000000
1.180000 3.770000 -0.000000
1.170000 3.770000 -0.000000
1.184142 3.784142 -0.000000
1.180000 3.780000 -0.000000
1.200000 3.780000 -0.000000
1.190000 3.780000 -0.000000
1.210000 3.780000 -0.000000
1.200000 3.780000 -0.000000
1.214142 3.794142 -0.000000
1.210000 3.790000 -0.000000
1.230000 3.790000 -0.000000
1.220000 3.790000 -0.000000
1.240000 3.790000 -0.000000
1.230000 3.790000 -0.000000
1.244142 3.804142 -0.000000
1.240000 3.800000 -0.000000
1.260000 3.800000 -0.000000
1.250000 3.800000 -0.000000
1.264142 3.814142 -0.000000
1.260000 3.810000 -0.000000
1.280000 3.810000 -0.000000
1.270000 3.810000 -0.000000
1.287889 3.818944 -0.000000
1.305777 3.827888 -0.000000
1.290000 3.820000 -0.000000
1.304142 3.834142 -0.000000
1.300000 3.830000 -0.000000
1.320000 3.830000 -0.000000
1.310000 3.830000 -0.000000
1.324142 3.844142 -0.000000
1.320000 3.840000 -0.000000
1.340000 3.840000 -0.000000
1.330000 3.840000 -0.000000
1.344142 3.854142 -0.000000
1.340000 3.850000 -0.000000
1.357888 3.858944 -0.000000
1.375777 3.867888 -0.000000
1.360000 3.860000 -0.000000
1.380000 3.860000 -0.000000
1.370000 3.860000 -0.000000
1.384142 3.874142 -0.000000
1.380000 3.870000 -0.000000
1.400000 3.870000 -0.000000
1.390000 3.870000 -0.000000
1.404142 3.884142 -0.000000
1.400000 3.880000 -0.000000
1.420000 3.880000 -0.000000
1.410000 3.880000 -0.000000
1.427889 3.888944 -0.000000
1.445777 3.897888 -0.000000
1.430000 3.890000 -0.000000
1.450000 3.890000 -0.000000
1.440000 3.890000 -0.000000
1.454142 3.904142 -0.000000
1.450000 3.900000 -0.000000
1.467888 3.908944 -0.000000
1.485777 3.917888 -0.000000
1.470000 3.910000 -0.000000
1.487888 3.918944 -0.000000
1.505777 3.927888 -0.000000
1.490000 3.920000 -0.000000
1.507888 3.928944 -0.000000
1.525777 3.937888 -0.000000
1.510000 3.930000 -0.000000
1.527889 3.938944 -0.000000
1.545777 3.947888 -0.000000
1.530000 3.940000 -0.000000
1.547889 3.948944 -0.000000
1.565777 3.957889 -0.000000
1.550000 3.950000 -0.000000
1.570000 3.950000 -0.000000
1.570000 3.950000 -0.000000
1.590000 3.950000 -0.000000
1.580000 3.950000 -0.000000
1.600000 3.950000 -0.000000
1.600000 3.950000 -0.000000
1.614142 3.964142 -0.000000
1.610000 3.960000 -0.000000
1.627888 3.968944 -0.000000
1.645777 3.977889 -0.000000
1.630000 3.970000 -0.000000
1.650000 3.970000 -0.000000
1.640000 3.970000 -0.000000
1.657889 3.978944 -0.000000
1.675777 3.987889 -0.000000
1.660000 3.980000 -0.000000
1.680000 3.980000 -0.000000
1.680000 3.980000 -0.000000
1.698974 3.986325 -0.000000
1.717947 3.992649 -0.000000
1.710000 3.990000 -0.000000
1.727888 3.998944 -0.000000
1.745777 4.007888 -0.000000
1.730000 4.000000 -0.000000
1.750000 4.000000 -0.000000
1.750000 4.000000 -0.000000
1.770000 4.000000 -0.000000
1.760000 4.000000 -0.000000
1.780000 4.000000 -0.000000
1.780000 4.000000 -0.000000
1.800000 4.000000 -0.000000
1.790000 4.000000 -0.000000
1.810000 4.000000 -0.000000
1.830000 4.000000 -0.000000
1.830000 4.000000 -0.000000
1.850000 4.000000 -0.000000
1.840000 4.000000 -0.000000
1.860000 4.000000 -0.000000
1.860000 4.000000 -0.000000
1.880000 4.000000 -0.000000
1.870000 4.000000 -0.000000
1.887888 4.008945 -0.000000
1.905777 4.017889 -0.000000
1.890000 4.010000 -0.000000
1.910000 4.010000 -0.000000
1.910000 4.010000 -0.000000
1.930000 4.010000 -0.000000
1.930000 4.010000 -0.000000
1.950000 4.010000 -0.000000
1.950000 4.010000 -0.000000
1.970000 4.010000 -0.000000
1.960000 4.010000 -0.000000
1.977888 4.001056 -0.000000
1.995777 3.992111 -0.000000
1.980000 4.000000 -0.000000
2.000000 4.000000 -0.000000
2.020000 4.000000 -0.000000
2.010000 4.000000 -0.000000
2.030000 4.000000 -0.000000
2.030000 4.000000 -0.000000
2.050000 4.000000 -0.000000
2.050000 4.000000 -0.000000
2.070000 4.000000 -0.000000
2.090000 4.000000 -0.000000
2.080000 4.000000 -0.000000
2.100000 4.000000 -0.000000
2.100000 4.000000 -0.000000
2.120000 4.000000 -0.000000
2.120000 4.000000 -0.000000
2.140000 4.000000 -0.000000
2.160000 4.000000 -0.000000
2.150000 4.000000 -0.000000
2.170000 4.000000 -0.000000
2.170000 4.000000 -0.000000
2.190000 4.000000 -0.000000
2.190000 4.000000 -0.000000
2.210000 4.000000 -0.000000
2.200000 4.000000 -0.000000
2.220000 4.000000 -0.000000
2.240000 4.000000 -0.000000
2.230000 4.000000 -0.000000
2.250000 4.000000 -0.000000
2.250000 4.000000 -0.000000
2.267889 3.991055 -0.000000
2.285777 3.982111 -0.000000
2.270000 3.990000 -0.000000
2.290000 3.990000 -0.000000
2.290000 3.990000 -0.000000
2.307889 3.981055 -0.000000
2.325777 3.972111 -0.000000
2.310000 3.980000 -0.000000
2.330000 3.980000 -0.000000
2.330000 3.980000 -0.000000
2.350000 3.980000 -0.000000
2.350000 3.980000 -0.000000
2.368974 3.973675 -0.000000
2.387947 3.967351 -0.000000
2.380000 3.970000 -0.000000
2.400000 3.970000 -0.000000
2.400000 3.970000 -0.000000
2.420000 3.970000 -0.000000
2.440000 3.970000 -0.000000
2.440000 3.970000 -0.000000
2.457889 3.961056 -0.000000
2.475777 3.952111 -0.000000
2.460000 3.960000 -0.000000
2.480000 3.960000 -0.000000
2.470000 3.960000 -0.000000
2.490000 3.960000 -0.000000
2.510000 3.960000 -0.000000
2.500000 3.960000 -0.000000
2.520000 3.960000 -0.000000
2.510000 3.960000 -0.000000
2.530000 3.960000 -0.000000
2.520000 3.960000 -0.000000
2.539403 3.955149 -0.000000
2.558806 3.950299 -0.000000
2.578209 3.945448 -0.000000
2.560000 3.950000 -0.000000
2.577888 3.941056 -0.000000
2.595777 3.932112 -0.000000
2.580000 3.940000 -0.000000
2.600000 3.940000 -0.000000
2.620000 3.940000 -0.000000
2.610000 3.940000 -0.000000
2.630000 3.940000 -0.000000
2.630000 3.940000 -0.000000
2.647888 3.931056 -0.000000
2.665777 3.922112 -0.000000
2.650000 3.930000 -0.000000
2.669403 3.925149 -0.000000
2.688806 3.920299 -0.000000
2.708209 3.915448 -0.000000
2.690000 3.920000 -0.000000
2.707889 3.911056 -0.000000
2.725777 3.902112 -0.000000
2.710000 3.910000 -0.000000
2.730000 3.910000 -0.000000
2.750000 3.910000 -0.000000
2.740000 3.910000 -0.000000
2.759403 3.905149 -0.000000
2.778806 3.900298 -0.000000
2.798209 3.895448 -0.000000
2.780000 3.900000 -0.000000
2.798974 3.893676 -0.000000
2.817947 3.887351 -0.000000
2.810000 3.890000 -0.000000
2.828974 3.883676 -0.000000
2.847947 3.877351 -0.000000
2.840000 3.880000 -0.000000
2.859403 3.875149 -0.000000
2.878806 3.870298 -0.000000
2.898209 3.865448 -0.000000
2.880000 3.870000 -0.000000
2.894142 3.855858 -0.000000
2.890000 3.860000 -0.000000
2.909611 3.856078 -0.000000
2.929223 3.852155 -0.000000
2.948835 3.848233 -0.000000
2.940000 3.850000 -0.000000
2.957889 3.841056 -0.000000
2.975777 3.832112 -0.000000
2.960000 3.840000 -0.000000
2.978974 3.833676 -0.000000
2.997947 3.827351 -0.000000
2.990000 3.830000 -0.000000
3.008974 3.823676 -0.000000
3.027947 3.817351 -0.000000
3.020000 3.820000 -0.000000
3.034142 3.805858 -0.000000
3.030000 3.810000 -0.000000
3.050000 3.810000 -0.000000
3.050000 3.810000 -0.000000
3.064142 3.795858 -0.000000
3.060000 3.800000 -0.000000
3.074142 3.785858 -0.000000
3.070000 3.790000 -0.000000
3.087888 3.781056 -0.000000
3.105777 3.772111 -0.000000
3.090000 3.780000 -0.000000
3.104142 3.765858 -0.000000
3.100000 3.770000 -0.000000
3.116641 3.758906 -0.000000
3.133282 3.747812 -0.000000
3.130000 3.750000 -0.000000
3.144142 3.735858 -0.000000
3.140000 3.740000 -0.000000
3.157888 3.731055 -0.000000
3.175777 3.722111 -0.000000
3.160000 3.730000 -0.000000
3.174142 3.715858 -0.000000
3.170000 3.720000 -0.000000
3.184142 3.705858 -0.000000
3.180000 3.710000 -0.000000
3.194142 3.695858 -0.000000
3.190000 3.700000 -0.000000
3.204142 3.685858 -0.000000
3.200000 3.690000 -0.000000
3.214142 3.675858 -0.000000
3.210000 3.680000 -0.000000
3.224142 3.665858 -0.000000
3.220000 3.670000 -0.000000
3.220000 3.650000 -0.000000
3.220000 3.660000 -0.000000
3.234142 3.645858 -0.000000
3.230000 3.650000 -0.000000
3.244142 3.635858 -0.000000
3.240000 3.640000 -0.000000
3.240000 3.620000 -0.000000
3.240000 3.630000 -0.000000
3.260000 3.630000 -0.000000
3.250000 3.630000 -0.000000
3.250000 3.610000 -0.000000
3.250000 3.620000 -0.000000
3.270000 3.620000 -0.000000
3.260000 3.620000 -0.000000
3.260000 3.600000 -0.000000
3.260000 3.610000 -0.000000
3.274142 3.595858 -0.000000
3.270000 3.600000 -0.000000
3.284142 3.585858 -0.000000
3.280000 3.590000 -0.000000
3.280000 3.570000 -0.000000
3.280000 3.580000 -0.000000
3.286325 3.561026 -0.000000
3.292649 3.542053 -0.000000
3.290000 3.550000 -0.000000
3.290000 3.530000 -0.000000
3.290000 3.540000 -0.000000
3.304142 3.525858 -0.000000
3.300000 3.530000 -0.000000
3.300000 3.510000 -0.000000
3.300000 3.520000 -0.000000
3.300000 3.500000 -0.000000
3.300000 3.510000 -0.000000
3.300000 3.490000 -0.000000
3.300000 3.500000 -0.000000
3.308944 3.482111 -0.000000
3.317888 3.464223 -0.000000
3.310000 3.480000 -0.000000
3.310000 3.460000 -0.000000
3.310000 3.470000 -0.000000
3.310000 3.450000 -0.000000
3.310000 3.450000 -0.000000
3.310000 3.430000 -0.000000
3.310000 3.430000 -0.000000
3.324142 3.415858 -0.000000
3.320000 3.420000 -0.000000
3.320000 3.400000 -0.000000
3.320000 3.400000 -0.000000
3.320000 3.380000 -0.000000
3.320000 3.380000 -0.000000
3.320000 3.360000 -0.000000
3.320000 3.340000 -0.000000
3.320000 3.350000 -0.000000
3.320000 3.330000 -0.000000
3.320000 3.340000 -0.000000
3.320000 3.320000 -0.000000
3.320000 3.330000 -0.000000
3.320000 3.310000 -0.000000
3.320000 3.310000 -0.000000
3.320000 3.290000 -0.000000
3.320000 3.300000 -0.000000
3.320000 3.280000 -0.000000
3.320000 3.290000 -0.000000
3.320000 3.270000 -0.000000
3.320000 3.270000 -0.000000
3.320000 3.250000 -0.000000
3.320000 3.250000 -0.000000
3.320000 3.230000 -0.000000
3.320000 3.230000 -0.000000
3.320000 3.210000 -0.000000
3.320000 3.220000 -0.000000
3.320000 3.200000 -0.000000
3.320000 3.210000 -0.000000
3.320000 3.190000 -0.000000
3.320000 3.200000 -0.000000
3.320000 3.180000 -0.000000
3.320000 3.190000 -0.000000
3.320000 3.170000 -0.000000
3.320000 3.180000 -0.000000
3.311056 3.162112 -0.000000
3.302112 3.144223 -0.000000
3.310000 3.160000 -0.000000
3.310000 3.140000 -0.000000
3.310000 3.140000 -0.000000
3.310000 3.120000 -0.000000
3.310000 3.130000 -0.000000
3.310000 3.110000 -0.000000
3.310000 3.120000 -0.000000
3.310000 3.100000 -0.000000
3.310000 3.080000 -0.000000
3.310000 3.090000 -0.000000
3.310000 3.070000 -0.000000
3.310000 3.070000 -0.000000
3.310000 3.050000 -0.000000
3.310000 3.060000 -0.000000
3.310000 3.040000 -0.000000
3.310000 3.040000 -0.000000
3.310000 3.020000 -0.000000
3.310000 3.030000 -0.000000
3.310000 3.010000 -0.000000
3.310000 3.010000 -0.000000
3.295858 2.995858 -0.000000
3.300000 3.000000 -0.000000
3.300000 2.980000 -0.000000
3.300000 2.980000 -0.000000
3.300000 2.960000 -0.000000
3.300000 2.970000 -0.000000
3.300000 2.950000 -0.000000
3.300000 2.950000 -0.000000
3.300000 2.930000 -0.000000
3.300000 2.930000 -0.000000
3.300000 2.910000 -0.000000
3.300000 2.910000 -0.000000
3.300000 2.890000 -0.000000
3.300000 2.890000 -0.000000
3.285858 2.875858 -0.000000
3.290000 2.880000 -0.000000
3.290000 2.860000 -0.000000
3.290000 2.860000 -0.000000
3.290000 2.840000 -0.000000
3.290000 2.840000 -0.000000
3.290000 2.820000 -0.000000
3.290000 2.820000 -0.000000
3.290000 2.800000 -0.000000
3.290000 2.800000 -0.000000
3.290000 2.780000 -0.000000
3.290000 2.790000 -0.000000
3.283675 2.771026 -0.000000
3.277351 2.752053 -0.000000
3.280000 2.760000 -0.000000
3.280000 2.740000 -0.000000
3.280000 2.720000 -0.000000
3.280000 2.720000 -0.000000
3.271056 2.702111 -0.000000
3.262111 2.684223 -0.000000
3.270000 2.700000 -0.000000
3.270000 2.680000 -0.000000
3.270000 2.680000 -0.000000
3.261056 2.662112 -0.000000
3.252111 2.644223 -0.000000
3.260000 2.660000 -0.000000
3.260000 2.640000 -0.000000
3.260000 2.650000 -0.000000
3.255149 2.630597 -0.000000
3.250299 2.611194 -0.000000
3.245448 2.591791 -0.000000
3.250000 2.610000 -0.000000
3.250000 2.590000 -0.000000
3.250000 2.600000 -0.000000
3.243675 2.581026 -0.000000
3.237351 2.562053 -0.000000
3.240000 2.570000 -0.000000
3.240000 2.550000 -0.000000
3.240000 2.530000 -0.000000
3.240000 2.540000 -0.000000
3.233675 2.521026 -0.000000
3.227351 2.502053 -0.000000
3.230000 2.510000 -0.000000
3.230000 2.490000 -0.000000
3.230000 2.490000 -0.000000
3.230000 2.470000 -0.000000
3.230000 2.470000 -0.000000
3.221056 2.452111 -0.000000
3.212111 2.434223 -0.000000
3.220000 2.450000 -0.000000
3.211056 2.432112 -0.000000
3.202111 2.414223 -0.000000
3.210000 2.430000 -0.000000
3.203676 2.411026 -0.000000
3.197351 2.392053 -0.000000
3.200000 2.400000 -0.000000
3.200000 2.380000 -0.000000
3.200000 2.380000 -0.000000
3.191056 2.362112 -0.000000
3.182112 2.344223 -0.000000
3.190000 2.360000 -0.000000
3.181056 2.342112 -0.000000
3.172112 2.324223 -0.000000
3.180000 2.340000 -0.000000
3.180000 2.320000 -0.000000
3.180000 2.330000 -0.000000
3.175149 2.310597 -0.000000
3.170299 2.291194 -0.000000
3.165448 2.271791 -0.000000
3.170000 2.290000 -0.000000
3.161056 2.272111 -0.000000
3.152112 2.254223 -0.000000
3.160000 2.270000 -0.000000
3.145858 2.255858 -0.000000
3.150000 2.260000 -0.000000
3.141056 2.242111 -0.000000
3.132112 2.224223 -0.000000
3.140000 2.240000 -0.000000
3.125858 2.225858 -0.000000
3.130000 2.230000 -0.000000
3.125149 2.210597 -0.000000
3.120298 2.191194 -0.000000
3.115448 2.171791 -0.000000
3.120000 2.190000 -0.000000
3.111056 2.172112 -0.000000
3.102112 2.154223 -0.000000
3.110000 2.170000 -0.000000
3.095858 2.155858 -0.000000
3.100000 2.160000 -0.000000
3.100000 2.140000 -0.000000
3.100000 2.150000 -0.000000
3.085858 2.135858 -0.000000
3.090000 2.140000 -0.000000
3.081056 2.122112 -0.000000
3.072112 2.104223 -0.000000
3.080000 2.120000 -0.000000
3.068906 2.103359 -0.000000
3.057812 2.086718 -0.000000
3.060000 2.090000 -0.000000
3.045858 2.075858 -0.000000
3.050000 2.080000 -0.000000
3.050000 2.060000 -0.000000
3.050000 2.070000 -0.000000
3.041056 2.052112 -0.000000
3.032111 2.034223 -0.000000
3.040000 2.050000 -0.000000
3.025858 2.035858 -0.000000
3.030000 2.040000 -0.000000
3.018906 2.023359 -0.000000
3.007812 2.006718 -0.000000
3.010000 2.010000 -0.000000
3.001056 1.992112 -0.000000
2.992111 1.974223 -0.000000
2.983167 1.956334 -0.000000
2.990000 1.970000 -0.000000
2.981055 1.952111 -0.000000
2.972111 1.934223 -0.000000
2.980000 1.950000 -0.000000
2.980000 1.930000 -0.000000
2.980000 1.940000 -0.000000
2.968906 1.923359 -0.000000
2.957812 1.906718 -0.000000
2.960000 1.910000 -0.000000
2.960000 1.890000 -0.000000
2.960000 1.900000 -0.000000
2.951056 1.882112 -0.000000
2.942111 1.864223 -0.000000
2.950000 1.880000 -0.000000
2.935858 1.865858 -0.000000
2.940000 1.870000 -0.000000
2.931056 1.852111 -0.000000
2.922112 1.834223 -0.000000
2.930000 1.850000 -0.000000
2.930000 1.830000 -0.000000
2.930000 1.830000 -0.000000
2.921056 1.812111 -0.000000
2.912112 1.794223 -0.000000
2.920000 1.810000 -0.000000
2.905858 1.795858 -0.000000
2.910000 1.800000 -0.000000
2.903676 1.781026 -0.000000
2.897351 1.762053 -0.000000
2.900000 1.770000 -0.000000
2.885858 1.755858 -0.000000
2.890000 1.760000 -0.000000
2.890000 1.740000 -0.000000
2.890000 1.740000 -0.000000
2.881056 1.722111 -0.000000
2.872112 1.704223 -0.000000
2.880000 1.720000 -0.000000
2.880000 1.700000 -0.000000
2.880000 1.700000 -0.000000
2.873676 1.681026 -0.000000
2.867351 1.662053 -0.000000
2.870000 1.670000 -0.000000
2.861056 1.652112 -0.000000
2.852112 1.634223 -0.000000
2.860000 1.650000 -0.000000
2.860000 1.630000 -0.000000
2.860000 1.640000 -0.000000
2.851056 1.622112 -0.000000
2.842112 1.604223 -0.000000
2.850000 1.620000 -0.000000
2.850000 1.600000 -0.000000
2.850000 1.610000 -0.000000
2.850000 1.590000 -0.000000
2.850000 1.600000 -0.000000
2.841056 1.582111 -0.000000
2.832112 1.564223 -0.000000
2.840000 1.580000 -0.000000
2.840000 1.560000 -0.000000
2.840000 1.560000 -0.000000
2.833676 1.541026 -0.000000
2.827351 1.522053 -0.000000
2.830000 1.530000 -0.000000
2.823676 1.511026 -0.000000
2.817351 1.492053 -0.000000
2.820000 1.500000 -0.000000
2.811056 1.482111 -0.000000
2.802112 1.464223 -0.000000
2.810000 1.480000 -0.000000
2.795858 1.465858 -0.000000
2.800000 1.470000 -0.000000
2.793675 1.451026 -0.000000
2.787351 1.432053 -0.000000
2.790000 1.440000 -0.000000
2.790000 1.420000 -0.000000
2.790000 1.420000 -0.000000
2.790000 1.400000 -0.000000
2.790000 1.410000 -0.000000
2.775858 1.395858 -0.000000
2.780000 1.400000 -0.000000
2.780000 1.380000 -0.000000
2.780000 1.390000 -0.000000
2.771056 1.372112 -0.000000
2.762111 1.354223 -0.000000
2.770000 1.370000 -0.000000
2.761056 1.352111 -0.000000
2.752111 1.334223 -0.000000
2.760000 1.350000 -0.000000
2.745858 1.335858 -0.000000
2.750000 1.340000 -0.000000
2.735858 1.325858 -0.000000
2.740000 1.330000 -0.000000
2.725858 1.315858 -0.000000
2.730000 1.320000 -0.000000
2.715858 1.305858 -0.000000
2.720000 1.310000 -0.000000
2.705858 1.295858 -0.000000
2.710000 1.300000 -0.000000
2.710000 1.280000 -0.000000
2.710000 1.290000 -0.000000
2.695858 1.275858 -0.000000
2.700000 1.280000 -0.000000
2.691056 1.262111 -0.000000
2.682112 1.244223 -0.000000
2.690000 1.260000 -0.000000
2.675858 1.245858 -0.000000
2.680000 1.250000 -0.000000
2.680000 1.230000 -0.000000
2.680000 1.240000 -0.000000
2.665858 1.225858 -0.000000
2.651716 1.211716 -0.000000
2.660000 1.220000 -0.000000
2.660000 1.200000 -0.000000
2.660000 1.210000 -0.000000
2.651056 1.192111 -0.000000
2.642112 1.174223 -0.000000
2.650000 1.190000 -0.000000
2.635858 1.175858 -0.000000
2.640000 1.180000 -0.000000
2.625858 1.165858 -0.000000
2.630000 1.170000 -0.000000
2.615858 1.155858 -0.000000
2.620000 1.160000 -0.000000
2.602112 1.151056 -0.000000
2.584223 1.142111 -0.000000
2.600000 1.150000 -0.000000
2.585858 1.135858 -0.000000
2.590000 1.140000 -0.000000
2.575858 1.125858 -0.000000
2.580000 1.130000 -0.000000
2.565858 1.115858 -0.000000
2.570000 1.120000 -0.000000
2.555858 1.105858 -0.000000
2.560000 1.110000 -0.000000
2.545858 1.095858 -0.000000
2.531716 1.081716 -0.000000
2.540000 1.090000 -0.000000
2.525858 1.075858 -0.000000
2.530000 1.080000 -0.000000
2.510000 1.080000 -0.000000
2.520000 1.080000 -0.000000
2.505858 1.065858 -0.000000
2.510000 1.070000 -0.000000
2.492111 1.061056 -0.000000
2.474223 1.052111 -0.000000
2.490000 1.060000 -0.000000
2.490000 1.040000 -0.000000
2.490000 1.050000 -0.000000
2.472111 1.041056 -0.000000
2.454223 1.032111 -0.000000
2.470000 1.040000 -0.000000
2.452111 1.031056 -0.000000
2.434223 1.022111 -0.000000
2.450000 1.030000 -0.000000
2.430000 1.030000 -0.000000
2.440000 1.030000 -0.000000
2.425858 1.015858 -0.000000
2.430000 1.020000 -0.000000
2.412112 1.011056 -0.000000
2.394223 1.002111 -0.000000
2.410000 1.010000 -0.000000
2.392112 1.001056 -0.000000
2.374223 0.992111 -0.000000
2.390000 1.000000 -0.000000
2.375858 0.985858 -0.000000
2.380000 0.990000 -0.000000
2.365858 0.975858 -0.000000
2.370000 0.980000 -0.000000
2.350000 0.980000 -0.000000
2.350000 0.980000 -0.000000
2.335858 0.965858 -0.000000
2.340000 0.970000 -0.000000
2.320000 0.970000 -0.000000
2.330000 0.970000 -0.000000
2.315858 0.955858 -0.000000
2.320000 0.960000 -0.000000
2.300000 0.960000 -0.000000
2.310000 0.960000 -0.000000
2.295858 0.945858 -0.000000
2.300000 0.950000 -0.000000
2.282111 0.941056 -0.000000
2.264223 0.932111 -0.000000
2.280000 0.940000 -0.000000
2.260000 0.940000 -0.000000
2.270000 0.940000 -0.000000
2.250000 0.940000 -0.000000
2.250000 0.940000 -0.000000
2.235858 0.925858 -0.000000
2.240000 0.930000 -0.000000
2.220000 0.930000 -0.000000
2.220000 0.930000 -0.000000
2.205858 0.915858 -0.000000
2.210000 0.920000 -0.000000
2.190000 0.920000 -0.000000
2.190000 0.920000 -0.000000
2.170000 0.920000 -0.000000
2.180000 0.920000 -0.000000
2.160000 0.920000 -0.000000
2.170000 0.920000 -0.000000
2.155858 0.905858 -0.000000
2.160000 0.910000 -0.000000
2.140000 0.910000 -0.000000
2.150000 0.910000 -0.000000
2.130000 0.910000 -0.000000
2.140000 0.910000 -0.000000
2.120000 0.910000 -0.000000
2.130000 0.910000 -0.000000
2.115858 0.895858 -0.000000
2.120000 0.900000 -0.000000
2.100000 0.900000 -0.000000
2.110000 0.900000 -0.000000
2.090000 0.900000 -0.000000
2.100000 0.900000 -0.000000
2.080000 0.900000 -0.000000
2.090000 0.900000 -0.000000
2.070000 0.900000 -0.000000
2.080000 0.900000 -0.000000
2.065858 0.885858 -0.000000
2.070000 0.890000 -0.000000
2.050000 0.890000 -0.000000
2.060000 0.890000 -0.000000
2.040000 0.890000 -0.000000
2.050000 0.890000 -0.000000
2.030000 0.890000 -0.000000
2.040000 0.890000 -0.000000
2.020000 0.890000 -0.000000
2.020000 0.890000 -0.000000
2.000000 0.890000 -0.000000
2.010000 0.890000 -0.000000
1.990000 0.890000 -0.000000
2.000000 0.890000 -0.000000
1.980000 0.890000 -0.000000
1.990000 0.890000 -0.000000
1.970000 0.890000 -0.000000
1.980000 0.890000 -0.000000
1.960000 0.890000 -0.000000
1.970000 0.890000 -0.000000
1.950000 0.890000 -0.000000
1.960000 0.890000 -0.000000
1.945858 0.875858 -0.000000
1.950000 0.880000 -0.000000
1.930000 0.880000 -0.000000
1.940000 0.880000 -0.000000
1.920000 0.880000 -0.000000
1.930000 0.880000 -0.000000
1.910000 0.880000 -0.000000
1.920000 0.880000 -0.000000
1.900000 0.880000 -0.000000
1.910000 0.880000 -0.000000
1.895858 0.865858 -0.000000
1.900000 0.870000 -0.000000
1.880000 0.870000 -0.000000
1.890000 0.870000 -0.000000
1.870000 0.870000 -0.000000
1.880000 0.870000 -0.000000
1.860000 0.870000 -0.000000
1.870000 0.870000 -0.000000
1.850000 0.870000 -0.000000
1.860000 0.870000 -0.000000
1.840000 0.870000 -0.000000
1.850000 0.870000 -0.000000
1.835858 0.855858 -0.000000
1.840000 0.860000 -0.000000
1.820000 0.860000 -0.000000
1.830000 0.860000 -0.000000
1.810000 0.860000 -0.000000
1.820000 0.860000 -0.000000
1.805858 0.845858 -0.000000
1.810000 0.850000 -0.000000
1.810000 0.830000 -0.000000
1.810000 0.840000 -0.000000
1.810000 0.820000 -0.000000
1.810000 0.800000 -0.000000
1.810000 0.810000 -0.000000
1.810000 0.790000 -0.000000
1.810000 0.770000 -0.000000
1.810000 0.780000 -0.000000
1.795858 0.765858 -0.000000
1.800000 0.770000 -0.000000
1.800000 0.750000 -0.000000
1.800000 0.730000 -0.000000
1.800000 0.710000 -0.000000
1.800000 0.720000 -0.000000
1.800000 0.700000 -0.000000
1.800000 0.680000 -0.000000
1.800000 0.660000 -0.000000
1.800000 0.660000 -0.000000
1.800000 0.640000 -0.000000
1.800000 0.620000 -0.000000
1.800000 0.630000 -0.000000
1.800000 0.610000 -0.000000
1.800000 0.610000 -0.000000
1.800000 0.590000 -0.000000
1.800000 0.590000 -0.000000
1.800000 0.570000 -0.000000
1.800000 0.570000 -0.000000
1.800000 0.550000 -0.000000
1.800000 0.550000 -0.000000
1.800000 0.530000 -0.000000
1.800000 0.540000 -0.000000
1.800000 0.520000 -0.000000
1.800000 0.530000 -0.000000
1.800000 0.510000 -0.000000
1.800000 0.520000 -0.000000
1.800000 0.500000 -0.000000
1.800000 0.500000 -0.000000
1.780000 0.500000 -0.000000
1.790000 0.500000 -0.000000
1.790000 0.480000 -0.000000
1.790000 0.490000 -0.000000
1.770000 0.490000 -0.000000
1.780000 0.490000 -0.000000
1.760000 0.490000 -0.000000
1.770000 0.490000 -0.000000
1.752112 0.498944 -0.000000
1.734223 0.507889 -0.000000
1.750000 0.500000 -0.000000
1.730000 0.500000 -0.000000
1.730000 0.500000 -0.000000
1.715858 0.514142 -0.000000
1.720000 0.510000 -0.000000
1.700000 0.510000 -0.000000
1.710000 0.510000 -0.000000
1.690000 0.510000 -0.000000
1.700000 0.510000 -0.000000
1.685858 0.524142 -0.000000
1.690000 0.520000 -0.000000
1.670000 0.520000 -0.000000
1.680000 0.520000 -0.000000
1.660000 0.520000 -0.000000
1.670000 0.520000 -0.000000
1.670000 0.540000 -0.000000
1.670000 0.530000 -0.000000
1.650000 0.530000 -0.000000
1.660000 0.530000 -0.000000
1.640000 0.530000 -0.000000
1.650000 0.530000 -0.000000
1.650000 0.550000 -0.000000
1.650000 0.540000 -0.000000
1.635858 0.554142 -0.000000
1.640000 0.550000 -0.000000
1.640000 0.570000 -0.000000
1.640000 0.560000 -0.000000
1.640000 0.580000 -0.000000
1.640000 0.570000 -0.000000
1.640000 0.590000 -0.000000
1.640000 0.580000 -0.000000
1.640000 0.600000 -0.000000
1.640000 0.600000 -0.000000
1.640000 0.620000 -0.000000
1.640000 0.610000 -0.000000
1.640000 0.630000 -0.000000
1.640000 0.620000 -0.000000
1.640000 0.640000 -0.000000
1.640000 0.630000 -0.000000
1.640000 0.650000 -0.000000
1.640000 0.640000 -0.000000
1.640000 0.660000 -0.000000
1.640000 0.650000 -0.000000
1.640000 0.670000 -0.000000
1.640000 0.670000 -0.000000
1.640000 0.690000 -0.000000
1.640000 0.680000 -0.000000
1.640000 0.700000 -0.000000
1.640000 0.690000 -0.000000
1.640000 0.710000 -0.000000
1.640000 0.710000 -0.000000
1.654142 0.724142 -0.000000
1.650000 0.720000 -0.000000
1.650000 0.740000 -0.000000
1.650000 0.730000 -0.000000
1.650000 0.750000 -0.000000
1.650000 0.740000 -0.000000
1.650000 0.760000 -0.000000
1.650000 0.750000 -0.000000
1.650000 0.770000 -0.000000
1.650000 0.760000 -0.000000
1.650000 0.780000 -0.000000
1.650000 0.770000 -0.000000
1.650000 0.790000 -0.000000
1.650000 0.780000 -0.000000
1.650000 0.800000 -0.000000
1.650000 0.800000 -0.000000
1.650000 0.820000 -0.000000
1.650000 0.820000 -0.000000
1.650000 0.840000 -0.000000
1.650000 0.840000 -0.000000
1.650000 0.860000 -0.000000
1.650000 0.860000 -0.000000
1.650000 0.880000 -0.000000
1.650000 0.870000 -0.000000
1.650000 0.890000 -0.000000
1.650000 0.890000 -0.000000
1.650000 0.910000 -0.000000
1.650000 0.900000 -0.000000
1.650000 0.920000 -0.000000
1.650000 0.910000 -0.000000
1.650000 0.890000 -0.000000
1.650000 0.900000 -0.000000
1.650000 0.880000 -0.000000
1.650000 0.890000 0.000000

convex
1.805858 1.064142
1.810000 1.060000
1.802978 1.078727
1.795955 1.097453
1.788933 1.116180
1.781910 1.134906
1.774888 1.153633
1.780000 1.140000
1.776422 1.159677
1.772845 1.179355
1.769267 1.199032
1.765689 1.218710
1.762112 1.238387
1.758534 1.258064
1.754956 1.277742
1.751378 1.297419
1.747801 1.317097
1.744223 1.336774
1.740645 1.356451
1.737068 1.376129
1.740000 1.360000
1.740000 1.380000
1.740000 1.400000
1.740000 1.420000
1.740000 1.440000
1.740000 1.460000
1.740000 1.450000
1.741248 1.469961
1.742495 1.489922
1.743743 1.509883
1.744990 1.529844
1.746238 1.549805
1.747485 1.569766
1.748733 1.589727
1.749980 1.609688
1.751228 1.629650
1.750000 1.610000
1.754851 1.629403
1.759701 1.648806
1.764552 1.668209
1.769403 1.687611
1.774253 1.707014
1.779104 1.726417
1.783955 1.745820
1.780000 1.730000
1.787428 1.748569
1.794856 1.767139
1.802284 1.785709
1.809711 1.804278
1.817139 1.822848
1.824567 1.841417
1.820000 1.830000
1.830290 1.847150
1.840580 1.864300
1.850870 1.881450
1.850000 1.880000
1.866641 1.891094
1.883282 1.902188
1.880000 1.900000

1.861056 2.557889
1.852111 2.575777
1.860000 2.560000
1.855149 2.579403
1.850299 2.598806
1.845448 2.618209
1.850000 2.600000
1.847172 2.619799
1.844343 2.639598
1.841515 2.659397
1.838686 2.679196
1.840000 2.670000
1.836258 2.689647
1.832516 2.709294
1.828773 2.728940
1.825031 2.748587
1.821289 2.768234
1.817546 2.787881
1.813804 2.807528
1.810062 2.827174
1.806320 2.846821
1.802577 2.866467
1.798835 2.886115
1.800000 2.880000
1.800000 2.900000
1.800000 2.920000
1.800000 2.940000
1.800000 2.960000
1.800000 2.980000
1.800000 3.000000
1.800000 3.020000
1.800000 3.040000
1.800000 3.060000
1.800000 3.080000
1.800000 3.100000
1.800000 3.120000
1.800000 3.140000
1.800000 3.160000
1.800000 3.180000
1.800000 3.200000
1.800000 3.220000
1.800000 3.240000
1.800000 3.240000
1.805747 3.259156
1.811494 3.278313
1.817241 3.297469
1.822988 3.316626
1.828735 3.335783
1.834482 3.354939
1.830000 3.340000
1.836023 3.359072
1.842045 3.378143
1.848068 3.397215
1.854091 3.416287
1.860113 3.435358
1.866136 3.454430
1.872158 3.473502
1.878181 3.492573
1.884204 3.511645
1.890226 3.530717
1.890000 3.530000
1.897022 3.548727
1.904045 3.567453
1.911067 3.586180
1.918090 3.604906
1.925112 3.623633
1.920000 3.610000
1.931763 3.626175
1.943527 3.642349
1.955290 3.658524
1.967054 3.674699
1.978817 3.690874
1.990581 3.707048
2.002344 3.723223
2.000000 3.720000
2.018974 3.726325
2.037947 3.732649
2.030000 3.730000
2.050000 3.730000
2.040000 3.730000

1.078944 3.257889
1.087889 3.275777
1.080000 3.260000
1.095364 3.272804
1.110729 3.285607
1.126093 3.298411
1.141458 3.311215
1.140000 3.310000
1.159230 3.315494
1.178461 3.320989
1.197691 3.326483
1.216922 3.331978
1.210000 3.330000
1.229677 3.333578
1.249355 3.337155
1.269032 3.340733
1.288710 3.344311
1.308387 3.347888
1.328064 3.351466
1.320000 3.350000
1.340000 3.350000
1.360000 3.350000
1.380000 3.350000
1.400000 3.350000
1.420000 3.350000
1.440000 3.350000
1.460000 3.350000
1.480000 3.350000
1.470000 3.350000
1.489856 3.347604
1.509712 3.345207
1.529568 3.342811
1.549424 3.340415
1.569279 3.338018
1.589135 3.335622
1.608991 3.333225
1.628847 3.330829
1.648703 3.328432
1.668559 3.326036
1.688415 3.323640
1.708271 3.321243
1.728127 3.318847
1.747983 3.316451
1.767839 3.314054
1.787695 3.311657
1.807551 3.309261
1.827406 3.306865
1.847262 3.304468
1.867118 3.302072
1.886974 3.299676
1.906830 3.297279
1.926686 3.294883
1.946542 3.292486
1.966398 3.290090
1.986254 3.287694
2.006110 3.285297
2.025966 3.282901
2.045821 3.280504
2.065677 3.278108
2.050000 3.280000
2.069657 3.276314
2.089315 3.272629
2.108972 3.268943
2.128630 3.265257
2.148287 3.261571
2.167945 3.257885
2.187602 3.254200
2.207259 3.250514
2.226917 3.246828
2.246574 3.243142
2.266232 3.239456
2.285889 3.235771
2.305547 3.232085
2.325204 3.228399
2.344862 3.224713
2.364519 3.221028
2.384176 3.217342
2.370000 3.220000
2.389767 3.216959
2.409535 3.213918
2.429302 3.210876
2.449070 3.207835
2.468837 3.204794
2.488605 3.201753
2.508372 3.198712
2.528140 3.195671
2.547907 3.192630
2.567674 3.189589
2.587442 3.186548
2.607209 3.183506
2.626977 3.180465
2.646744 3.177424
2.630000 3.180000
2.648974 3.173676
2.667947 3.167351
2.686921 3.161026
2.705895 3.154702
2.724869 3.148377
2.720000 3.150000
2.738727 3.142978
2.757453 3.135955
2.776180 3.128932
2.794906 3.121910
2.813633 3.114888
2.800000 3.120000
2.816641 3.108906
2.833282 3.097812
2.830000 3.100000
2.838944 3.082112
2.847888 3.064223
2.840000 3.080000
2.840000 3.060000
2.840000 3.070000
2.825858 3.055858
2.830000 3.060000

1.310000 1.430000
1.310000 1.430000
1.327888 1.438944
1.345777 1.447888
1.363666 1.456833
1.350000 1.450000
1.369728 1.453288
1.389456 1.456576
1.409184 1.459864
1.428911 1.463152
1.410000 1.460000
1.429524 1.464339
1.449048 1.468677
1.468571 1.473016
1.488095 1.477354
1.507619 1.481693
1.500000 1.480000
1.519918 1.481811
1.539836 1.483621
1.559754 1.485432
1.579672 1.487243
1.599589 1.489054
1.619507 1.490864
1.610000 1.490000
1.630000 1.490000
1.650000 1.490000
1.670000 1.490000
1.690000 1.490000
1.710000 1.490000
1.730000 1.490000
1.750000 1.490000
1.770000 1.490000
1.790000 1.490000
1.810000 1.490000
1.830000 1.490000
1.850000 1.490000
1.870000 1.490000
1.890000 1.490000
1.910000 1.490000
1.930000 1.490000
1.950000 1.490000
1.970000 1.490000
1.990000 1.490000
2.010000 1.490000
2.000000 1.490000
2.019983 1.489167
2.039965 1.488335
2.059948 1.487502
2.079931 1.486670
2.099913 1.485837
2.119896 1.485004
2.139879 1.484172
2.159861 1.483339
2.179844 1.482507
2.199827 1.481674
2.219809 1.480841
2.239792 1.480009
2.259774 1.479176
2.240000 1.480000
2.260000 1.480000
2.280000 1.480000
2.300000 1.480000
2.320000 1.480000
2.340000 1.480000
2.360000 1.480000
2.380000 1.480000
2.400000 1.480000
2.420000 1.480000
2.440000 1.480000
2.460000 1.480000
2.480000 1.480000
2.500000 1.480000
2.490000 1.480000
2.510000 1.480000
2.510000 1.480000
2.510000 1.460000
2.510000 1.470000

1.267889 2.198944
1.285777 2.207889
1.270000 2.200000
1.288569 2.207428
1.307139 2.214856
1.325709 2.222283
1.320000 2.220000
1.339878 2.222208
1.359755 2.224417
1.379633 2.226626
1.399511 2.228835
1.419388 2.231043
1.410000 2.230000
1.429996 2.229615
1.449993 2.229231
1.469989 2.228847
1.489985 2.228462
1.509982 2.228077
1.529978 2.227693
1.549974 2.227308
1.569970 2.226924
1.589967 2.226539
1.609963 2.226155
1.629959 2.225770
1.649956 2.225385
1.669952 2.225001
1.689948 2.224616
1.709944 2.224232
1.729941 2.223847
1.749937 2.223463
1.769933 2.223078
1.789930 2.222694
1.809926 2.222309
1.829922 2.221925
1.849918 2.221540
1.869915 2.221156
1.889911 2.220771
1.909908 2.220386
1.929904 2.220002
1.949900 2.219617
1.930000 2.220000
1.949669 2.216377
1.969338 2.212754
1.989007 2.209130
2.008676 2.205507
2.028345 2.201884
2.048014 2.198261
2.067683 2.194637
2.087353 2.191014
2.107022 2.187391
2.126691 2.183768
2.146360 2.180144
2.166029 2.176521
2.185698 2.172898
2.205367 2.169275
2.225036 2.165651
2.244705 2.162028
2.264374 2.158405
2.284043 2.154782
2.303712 2.151158
2.323381 2.147535
2.310000 2.150000
2.329612 2.146078
2.349223 2.142155
2.368835 2.138233
2.388447 2.134311
2.408058 2.130388
2.427670 2.126466
2.447281 2.122544
2.466893 2.118621
2.486505 2.114699
2.506116 2.110777
2.525728 2.106854
2.510000 2.110000
2.530000 2.110000
2.550000 2.110000
2.570000 2.110000
2.590000 2.110000
2.590000 2.110000
2.609728 2.113288
2.629456 2.116576
2.649184 2.119864
2.668911 2.123152
2.650000 2.120000
2.669403 2.124851
2.688806 2.129701
2.708209 2.134552
2.690000 2.130000
2.704142 2.144142
2.700000 2.140000

concave
1.910000 1.970000
1.900000 1.970000
1.900000 1.990000
1.900000 1.980000
1.914142 1.994142
1.910000 1.990000
1.921094 2.006641
1.932188 2.023282
1.930000 2.020000
1.933578 2.039677
1.937155 2.059355
1.940733 2.079032
1.944311 2.098710
1.947888 2.118387
1.951466 2.138064
1.950000 2.130000
1.951990 2.149901
1.953980 2.169801
1.955970 2.189702
1.957960 2.209603
1.959950 2.229504
1.961940 2.249404
1.960000 2.230000
1.955149 2.249403
1.950299 2.268806
1.945448 2.288209
1.940597 2.307611
1.935746 2.327014
1.940000 2.310000
1.929710 2.327150
1.919420 2.344300
1.909130 2.361449
1.910000 2.360000
1.903675 2.378974
1.897351 2.397947
1.900000 2.390000
1.880000 2.390000
1.890000 2.390000
1.870000 2.390000
1.880000 2.390000

