boundary
1.254142 0.194142 -0.000000
1.250000 0.190000 -0.000000
1.270000 0.190000 -0.000000
1.260000 0.190000 -0.000000
1.268944 0.207889 -0.000000
1.277889 0.225777 -0.000000
1.270000 0.210000 -0.000000
1.284142 0.224142 -0.000000
1.280000 0.220000 -0.000000
1.288944 0.237889 -0.000000
1.297889 0.255777 -0.000000
1.290000 0.240000 -0.000000
1.304142 0.254142 -0.000000
1.318284 0.268284 -0.000000
1.310000 0.260000 -0.000000
1.324142 0.274142 -0.000000
1.338284 0.288284 -0.000000
1.330000 0.280000 -0.000000
1.344142 0.294142 -0.000000
1.340000 0.290000 -0.000000
1.354142 0.304142 -0.000000
1.350000 0.300000 -0.000000
1.364142 0.314142 -0.000000
1.378284 0.328284 -0.000000
1.370000 0.320000 -0.000000
1.384142 0.334142 -0.000000
1.380000 0.330000 -0.000000
1.394142 0.344142 -0.000000
1.390000 0.340000 -0.000000
1.398944 0.357889 -0.000000
1.407889 0.375777 -0.000000
1.400000 0.360000 -0.000000
1.414142 0.374142 -0.000000
1.428284 0.388284 -0.000000
1.420000 0.380000 -0.000000
1.434142 0.394142 -0.000000
1.448284 0.408284 -0.000000
1.440000 0.400000 -0.000000
1.457888 0.408944 -0.000000
1.475777 0.417889 -0.000000
1.460000 0.410000 -0.000000
1.474142 0.424142 -0.000000
1.470000 0.420000 -0.000000
1.484142 0.434142 -0.000000
1.498284 0.448284 -0.000000
1.490000 0.440000 -0.000000
1.504142 0.454142 -0.000000
1.500000 0.450000 -0.000000
1.514142 0.464142 -0.000000
1.510000 0.460000 -0.000000
1.527889 0.468944 -0.000000
1.545777 0.477889 -0.000000
1.530000 0.470000 -0.000000
1.544142 0.484142 -0.000000
1.540000 0.480000 -0.000000
1.557889 0.488944 -0.000000
1.575777 0.497889 -0.000000
1.560000 0.490000 -0.000000
1.574142 0.504142 -0.000000
1.570000 0.500000 -0.000000
1.584142 0.514142 -0.000000
1.580000 0.510000 -0.000000
1.594142 0.524142 -0.000000
1.590000 0.520000 -0.000000
1.604142 0.534142 -0.000000
1.618284 0.548284 -0.000000
1.610000 0.540000 -0.000000
1.624142 0.554142 -0.000000
1.638284 0.568284 -0.000000
1.630000 0.560000 -0.000000
1.645617 0.572494 -0.000000
1.661235 0.584988 -0.000000
1.676852 0.597482 -0.000000
1.692469 0.609976 -0.000000
1.680000 0.600000 -0.000000
1.697888 0.608944 -0.000000
1.715777 0.617889 -0.000000
1.700000 0.610000 -0.000000
1.714142 0.624142 -0.000000
1.710000 0.620000 -0.000000
1.724142 0.634142 -0.000000
1.738284 0.648284 -0.000000
1.730000 0.640000 -0.000000
1.747888 0.648944 -0.000000
1.765777 0.657889 -0.000000
1.750000 0.650000 -0.000000
1.764142 0.664142 -0.000000
1.778284 0.678284 -0.000000
1.770000 0.670000 -0.000000
1.786641 0.681094 -0.000000
1.803282 0.692188 -0.000000
1.800000 0.690000 -0.000000
1.800000 0.710000 -0.000000
1.800000 0.700000 -0.000000
1.816641 0.711094 -0.000000
1.833282 0.722188 -0.000000
1.830000 0.720000 -0.000000
1.844142 0.734142 -0.000000
1.858284 0.748284 -0.000000
1.872427 0.762426 -0.000000
1.860000 0.750000 -0.000000
1.874142 0.764142 -0.000000
1.888284 0.778284 -0.000000
1.880000 0.770000 -0.000000
1.894142 0.784142 -0.000000
1.908284 0.798284 -0.000000
1.900000 0.790000 -0.000000
1.917889 0.798944 -0.000000
1.935777 0.807889 -0.000000
1.953666 0.816833 -0.000000
1.940000 0.810000 -0.000000
1.957888 0.818944 -0.000000
1.975777 0.827889 -0.000000
1.993666 0.836833 -0.000000
1.980000 0.830000 -0.000000
1.997888 0.838944 -0.000000
2.015777 0.847889 -0.000000
2.000000 0.840000 -0.000000
2.014142 0.854142 -0.000000
2.028284 0.868284 -0.000000
2.020000 0.860000 -0.000000
2.037889 0.868944 -0.000000
2.055777 0.877889 -0.000000
2.040000 0.870000 -0.000000
2.057889 0.878944 -0.000000
2.075777 0.887889 -0.000000
2.060000 0.880000 -0.000000
2.074142 0.894142 -0.000000
2.070000 0.890000 -0.000000
2.086000 0.902000 -0.000000
2.102000 0.914000 -0.000000
2.118000 0.926000 -0.000000
2.110000 0.920000 -0.000000
2.127888 0.928944 -0.000000
2.145777 0.937889 -0.000000
2.130000 0.930000 -0.000000
2.144142 0.944142 -0.000000
2.158284 0.958284 -0.000000
2.150000 0.950000 -0.000000
2.167888 0.958944 -0.000000
2.185777 0.967889 -0.000000
2.170000 0.960000 -0.000000
2.190000 0.960000 -0.000000
2.180000 0.960000 -0.000000
2.197888 0.968944 -0.000000
2.215777 0.977889 -0.000000
2.200000 0.970000 -0.000000
2.214142 0.984142 -0.000000
2.228284 0.998284 -0.000000
2.220000 0.990000 -0.000000
2.237889 0.998944 -0.000000
2.255777 1.007889 -0.000000
2.273666 1.016833 -0.000000
2.260000 1.010000 -0.000000
2.277889 1.018944 -0.000000
2.295777 1.027889 -0.000000
2.280000 1.020000 -0.000000
2.297889 1.028944 -0.000000
2.315777 1.037889 -0.000000
2.300000 1.030000 -0.000000
2.318569 1.037428 -0.000000
2.337139 1.044856 -0.000000
2.355709 1.052284 -0.000000
2.350000 1.050000 -0.000000
2.367888 1.058944 -0.000000
2.385777 1.067889 -0.000000
2.370000 1.060000 -0.000000
2.388974 1.066325 -0.000000
2.407947 1.072649 -0.000000
2.400000 1.070000 -0.000000
2.420000 1.070000 -0.000000
2.420000 1.070000 -0.000000
2.437888 1.078944 -0.000000
2.455777 1.087889 -0.000000
2.440000 1.080000 -0.000000
2.456641 1.091094 -0.000000
2.473282 1.102188 -0.000000
2.470000 1.100000 -0.000000
2.488974 1.106325 -0.000000
2.507947 1.112649 -0.000000
2.500000 1.110000 -0.000000
2.519403 1.114851 -0.000000
2.538806 1.119702 -0.000000
2.558209 1.124552 -0.000000
2.540000 1.120000 -0.000000
2.557889 1.128944 -0.000000
2.575777 1.137889 -0.000000
2.593666 1.146833 -0.000000
2.580000 1.140000 -0.000000
2.597888 1.148944 -0.000000
2.615777 1.157889 -0.000000
2.600000 1.150000 -0.000000
2.617888 1.158944 -0.000000
2.635777 1.167889 -0.000000
2.653666 1.176833 -0.000000
2.640000 1.170000 -0.000000
2.660000 1.170000 -0.000000
2.660000 1.170000 -0.000000
2.678974 1.176324 -0.000000
2.697948 1.182649 -0.000000
2.690000 1.180000 -0.000000
2.708974 1.186325 -0.000000
2.727947 1.192649 -0.000000
2.720000 1.190000 -0.000000
2.740000 1.190000 -0.000000
2.760000 1.190000 -0.000000
2.750000 1.190000 -0.000000
2.768974 1.196325 -0.000000
2.787947 1.202649 -0.000000
2.806921 1.208974 -0.000000
2.825895 1.215298 -0.000000
2.810000 1.210000 -0.000000
2.830000 1.210000 -0.000000
2.830000 1.210000 -0.000000
2.847888 1.218944 -0.000000
2.865777 1.227889 -0.000000
2.850000 1.220000 -0.000000
2.870000 1.220000 -0.000000
2.870000 1.220000 -0.000000
2.887888 1.228944 -0.000000
2.905777 1.237889 -0.000000
2.890000 1.230000 -0.000000
2.910000 1.230000 -0.000000
2.900000 1.230000 -0.000000
2.920000 1.230000 -0.000000
2.910000 1.230000 -0.000000
2.930000 1.230000 -0.000000
2.930000 1.230000 -0.000000
2.912112 1.221056 -0.000000
2.894223 1.212111 -0.000000
2.910000 1.220000 0.000000

contour
1.371026 0.236325 -0.000000
1.352053 0.242649 -0.000000
1.360000 0.240000 -0.000000
1.340597 0.244851 -0.000000
1.321194 0.249701 -0.000000
1.301791 0.254552 -0.000000
1.320000 0.250000 -0.000000
1.305858 0.264142 -0.000000
1.310000 0.260000 -0.000000
1.290000 0.260000 -0.000000
1.290000 0.260000 -0.000000
1.290000 0.280000 -0.000000
1.290000 0.270000 -0.000000
1.272111 0.278944 -0.000000
1.254223 0.287889 -0.000000
1.270000 0.280000 -0.000000
1.252111 0.288944 -0.000000
1.234223 0.297889 -0.000000
1.250000 0.290000 -0.000000
1.241056 0.307889 -0.000000
1.232111 0.325777 -0.000000
1.240000 0.310000 -0.000000
1.220000 0.310000 -0.000000
1.230000 0.310000 -0.000000
1.230000 0.330000 -0.000000
1.230000 0.320000 -0.000000
1.215858 0.334142 -0.000000
1.220000 0.330000 -0.000000
1.220000 0.350000 -0.000000
1.220000 0.340000 -0.000000
1.211056 0.357889 -0.000000
1.202111 0.375777 -0.000000
1.210000 0.360000 -0.000000
1.210000 0.380000 -0.000000
1.210000 0.400000 -0.000000
1.210000 0.400000 -0.000000
1.210000 0.420000 -0.000000
1.210000 0.410000 -0.000000
1.210000 0.430000 -0.000000
1.210000 0.420000 -0.000000
1.210000 0.440000 -0.000000
1.210000 0.440000 -0.000000
1.210000 0.460000 -0.000000
1.210000 0.460000 -0.000000
1.210000 0.480000 -0.000000
1.210000 0.480000 -0.000000
1.218944 0.497889 -0.000000
1.227889 0.515777 -0.000000
1.220000 0.500000 -0.000000
1.220000 0.520000 -0.000000
1.220000 0.510000 -0.000000
1.220000 0.530000 -0.000000
1.220000 0.520000 -0.000000
1.234142 0.534142 -0.000000
1.230000 0.530000 -0.000000
1.238944 0.547889 -0.000000
1.247889 0.565777 -0.000000
1.240000 0.550000 -0.000000
1.254142 0.564142 -0.000000
1.250000 0.560000 -0.000000
1.264142 0.574142 -0.000000
1.278284 0.588284 -0.000000
1.270000 0.580000 -0.000000
1.270000 0.600000 -0.000000
1.270000 0.590000 -0.000000
1.287889 0.598944 -0.000000
1.305777 0.607889 -0.000000
1.290000 0.600000 -0.000000
1.304142 0.614142 -0.000000
1.300000 0.610000 -0.000000
1.320000 0.610000 -0.000000
1.320000 0.610000 -0.000000
1.334142 0.624142 -0.000000
1.348284 0.638284 -0.000000
1.340000 0.630000 -0.000000
1.357888 0.638944 -0.000000
1.375777 0.647889 -0.000000
1.360000 0.640000 -0.000000
1.375617 0.652494 -0.000000
1.391235 0.664988 -0.000000
1.406852 0.677482 -0.000000
1.422469 0.689976 -0.000000
1.410000 0.680000 -0.000000
1.424142 0.694142 -0.000000
1.420000 0.690000 -0.000000
1.434142 0.704142 -0.000000
1.430000 0.700000 -0.000000
1.444142 0.714142 -0.000000
1.440000 0.710000 -0.000000
1.454142 0.724142 -0.000000
1.468284 0.738284 -0.000000
1.460000 0.730000 -0.000000
1.474142 0.744142 -0.000000
1.470000 0.740000 -0.000000
1.478944 0.757889 -0.000000
1.487888 0.775777 -0.000000
1.480000 0.760000 -0.000000
1.494142 0.774142 -0.000000
1.508284 0.788284 -0.000000
1.500000 0.780000 -0.000000
1.514142 0.794142 -0.000000
1.510000 0.790000 -0.000000
1.518944 0.807889 -0.000000
1.527889 0.825777 -0.000000
1.520000 0.810000 -0.000000
1.528944 0.827889 -0.000000
1.537889 0.845777 -0.000000
1.530000 0.830000 -0.000000
1.541094 0.846641 -0.000000
1.552188 0.863282 -0.000000
1.550000 0.860000 -0.000000
1.550000 0.880000 -0.000000
1.550000 0.880000 -0.000000
1.557428 0.898570 -0.000000
1.564856 0.917139 -0.000000
1.572284 0.935709 -0.000000
1.570000 0.930000 -0.000000
1.578944 0.947889 -0.000000
1.587888 0.965777 -0.000000
1.580000 0.950000 -0.000000
1.588944 0.967889 -0.000000
1.597888 0.985777 -0.000000
1.590000 0.970000 -0.000000
1.594851 0.989403 -0.000000
1.599701 1.008806 -0.000000
1.604552 1.028208 -0.000000
1.600000 1.010000 -0.000000
1.600000 1.030000 -0.000000
1.600000 1.050000 -0.000000
1.600000 1.040000 -0.000000
1.604851 1.059403 -0.000000
1.609701 1.078806 -0.000000
1.614552 1.098209 -0.000000
1.610000 1.080000 -0.000000
1.610000 1.100000 -0.000000
1.610000 1.100000 -0.000000
1.610000 1.120000 -0.000000
1.610000 1.140000 -0.000000
1.610000 1.130000 -0.000000
1.610000 1.150000 -0.000000
1.610000 1.170000 -0.000000
1.610000 1.160000 -0.000000
1.616325 1.178974 -0.000000
1.622649 1.197947 -0.000000
1.620000 1.190000 -0.000000
1.620000 1.210000 -0.000000
1.620000 1.210000 -0.000000
1.628944 1.227889 -0.000000
1.637888 1.245777 -0.000000
1.630000 1.230000 -0.000000
1.630000 1.250000 -0.000000
1.630000 1.270000 -0.000000
1.630000 1.270000 -0.000000
1.630000 1.290000 -0.000000
1.630000 1.310000 -0.000000
1.630000 1.300000 -0.000000
1.630000 1.320000 -0.000000
1.630000 1.340000 -0.000000
1.630000 1.330000 -0.000000
1.630000 1.350000 -0.000000
1.630000 1.370000 -0.000000
1.630000 1.360000 -0.000000
1.630000 1.380000 -0.000000
1.630000 1.400000 -0.000000
1.630000 1.420000 -0.000000
1.630000 1.440000 -0.000000
1.630000 1.430000 -0.000000
1.630000 1.450000 -0.000000
1.630000 1.440000 -0.000000
1.630000 1.460000 -0.000000
1.630000 1.480000 -0.000000
1.630000 1.480000 -0.000000
1.623675 1.498974 -0.000000
1.617351 1.517947 -0.000000
1.620000 1.510000 -0.000000
1.616078 1.529612 -0.000000
1.612155 1.549223 -0.000000
1.608233 1.568835 -0.000000
1.610000 1.560000 -0.000000
1.610000 1.580000 -0.000000
1.610000 1.570000 -0.000000
1.603675 1.588974 -0.000000
1.597351 1.607947 -0.000000
1.600000 1.600000 -0.000000
1.600000 1.620000 -0.000000
1.600000 1.620000 -0.000000
1.591056 1.637888 -0.000000
1.582111 1.655777 -0.000000
1.590000 1.640000 -0.000000
1.590000 1.660000 -0.000000
1.590000 1.660000 -0.000000
1.582572 1.678569 -0.000000
1.575144 1.697139 -0.000000
1.567716 1.715709 -0.000000
1.570000 1.710000 -0.000000
1.558906 1.726641 -0.000000
1.547812 1.743282 -0.000000
1.550000 1.740000 -0.000000
1.550000 1.760000 -0.000000
1.550000 1.760000 -0.000000
1.538000 1.776000 -0.000000
1.526000 1.792000 -0.000000
1.514000 1.808000 -0.000000
1.520000 1.800000 -0.000000
1.511056 1.817888 -0.000000
1.502112 1.835777 -0.000000
1.493167 1.853666 -0.000000
1.500000 1.840000 -0.000000
1.491056 1.857888 -0.000000
1.482111 1.875777 -0.000000
1.473167 1.893666 -0.000000
1.480000 1.880000 -0.000000
1.472572 1.898569 -0.000000
1.465144 1.917139 -0.000000
1.457716 1.935709 -0.000000
1.460000 1.930000 -0.000000
1.460000 1.950000 -0.000000
1.460000 1.940000 -0.000000
1.455149 1.959403 -0.000000
1.450299 1.978806 -0.000000
1.445448 1.998209 -0.000000
1.450000 1.980000 -0.000000
1.441056 1.997888 -0.000000
1.432112 2.015777 -0.000000
1.440000 2.000000 -0.000000
1.425858 2.014142 -0.000000
1.430000 2.010000 -0.000000
1.430000 2.030000 -0.000000
1.430000 2.030000 -0.000000
1.422572 2.048569 -0.000000
1.415144 2.067139 -0.000000
1.407717 2.085709 -0.000000
1.410000 2.080000 -0.000000
1.403675 2.098974 -0.000000
1.397351 2.117947 -0.000000
1.400000 2.110000 -0.000000
1.393675 2.128974 -0.000000
1.387351 2.147947 -0.000000
1.390000 2.140000 -0.000000
1.383675 2.158974 -0.000000
1.377351 2.177947 -0.000000
1.380000 2.170000 -0.000000
1.365858 2.184142 -0.000000
1.370000 2.180000 -0.000000
1.370000 2.200000 -0.000000
1.370000 2.200000 -0.000000
1.363675 2.218974 -0.000000
1.357351 2.237947 -0.000000
1.360000 2.230000 -0.000000
1.354506 2.249230 -0.000000
1.349011 2.268461 -0.000000
1.343517 2.287692 -0.000000
1.338022 2.306922 -0.000000
1.340000 2.300000 -0.000000
1.333675 2.318974 -0.000000
1.327351 2.337947 -0.000000
1.330000 2.330000 -0.000000
1.323675 2.348974 -0.000000
1.317351 2.367947 -0.000000
1.320000 2.360000 -0.000000
1.305858 2.374142 -0.000000
1.310000 2.370000 -0.000000
1.310000 2.390000 -0.000000
1.310000 2.410000 -0.000000
1.310000 2.400000 -0.000000
1.305149 2.419403 -0.000000
1.300299 2.438806 -0.000000
1.295448 2.458209 -0.000000
1.300000 2.440000 -0.000000
1.293675 2.458974 -0.000000
1.287351 2.477947 -0.000000
1.281026 2.496921 -0.000000
1.274702 2.515895 -0.000000
1.280000 2.500000 -0.000000
1.280000 2.520000 -0.000000
1.280000 2.520000 -0.000000
1.272572 2.538569 -0.000000
1.265144 2.557139 -0.000000
1.257717 2.575709 -0.000000
1.260000 2.570000 -0.000000
1.260000 2.590000 -0.000000
1.260000 2.610000 -0.000000
1.260000 2.600000 -0.000000
1.255149 2.619403 -0.000000
1.250299 2.638806 -0.000000
1.245448 2.658209 -0.000000
1.250000 2.640000 -0.000000
1.250000 2.660000 -0.000000
1.250000 2.680000 -0.000000
1.250000 2.680000 -0.000000
1.250000 2.700000 -0.000000
1.250000 2.720000 -0.000000
1.250000 2.720000 -0.000000
1.250000 2.740000 -0.000000
1.250000 2.740000 -0.000000
1.250000 2.760000 -0.000000
1.250000 2.780000 -0.000000
1.250000 2.780000 -0.000000
1.250000 2.800000 -0.000000
1.250000 2.790000 -0.000000
1.250000 2.810000 -0.000000
1.250000 2.830000 -0.000000
1.250000 2.820000 -0.000000
1.250000 2.840000 -0.000000
1.250000 2.860000 -0.000000
1.250000 2.860000 -0.000000
1.250000 2.880000 -0.000000
1.250000 2.900000 -0.000000
1.250000 2.900000 -0.000000
1.250000 2.920000 -0.000000
1.250000 2.910000 -0.000000
1.254851 2.929403 -0.000000
1.259701 2.948806 -0.000000
1.264552 2.968209 -0.000000
1.260000 2.950000 -0.000000
1.268944 2.967889 -0.000000
1.277889 2.985777 -0.000000
1.270000 2.970000 -0.000000
1.276325 2.988974 -0.000000
1.282649 3.007947 -0.000000
1.280000 3.000000 -0.000000
1.286325 3.018974 -0.000000
1.292649 3.037947 -0.000000
1.290000 3.030000 -0.000000
1.297428 3.048570 -0.000000
1.304856 3.067139 -0.000000
1.312284 3.085709 -0.000000
1.310000 3.080000 -0.000000
1.318944 3.097888 -0.000000
1.327888 3.115777 -0.000000
1.320000 3.100000 -0.000000
1.324851 3.119403 -0.000000
1.329701 3.138806 -0.000000
1.334552 3.158209 -0.000000
1.330000 3.140000 -0.000000
1.341094 3.156641 -0.000000
1.352188 3.173282 -0.000000
1.350000 3.170000 -0.000000
1.358944 3.187888 -0.000000
1.367888 3.205777 -0.000000
1.360000 3.190000 -0.000000
1.374142 3.204142 -0.000000
1.388284 3.218284 -0.000000
1.380000 3.210000 -0.000000
1.394142 3.224142 -0.000000
1.390000 3.220000 -0.000000
1.404142 3.234142 -0.000000
1.400000 3.230000 -0.000000
1.414142 3.244142 -0.000000
1.428284 3.258284 -0.000000
1.420000 3.250000 -0.000000
1.420000 3.270000 -0.000000
1.420000 3.260000 -0.000000
1.434142 3.274142 -0.000000
1.448284 3.288284 -0.000000
1.440000 3.280000 -0.000000
1.460000 3.280000 -0.000000
1.450000 3.280000 -0.000000
1.450000 3.300000 -0.000000
1.450000 3.290000 -0.000000
1.464142 3.304142 -0.000000
1.460000 3.300000 -0.000000
1.478974 3.306324 -0.000000
1.497947 3.312649 -0.000000
1.490000 3.310000 -0.000000
1.504142 3.324142 -0.000000
1.500000 3.320000 -0.000000
1.514142 3.334142 -0.000000
1.528284 3.348284 -0.000000
1.542426 3.362427 -0.000000
1.530000 3.350000 -0.000000
1.544142 3.364142 -0.000000
1.540000 3.360000 -0.000000
1.554142 3.374142 -0.000000
1.550000 3.370000 -0.000000
1.570000 3.370000 -0.000000
1.560000 3.370000 -0.000000
1.580000 3.370000 -0.000000
1.570000 3.370000 -0.000000
1.586000 3.382000 -0.000000
1.602000 3.394000 -0.000000
1.618000 3.406000 -0.000000
1.610000 3.400000 -0.000000
1.624142 3.414142 -0.000000
1.620000 3.410000 -0.000000
1.634142 3.424142 -0.000000
1.648284 3.438284 -0.000000
1.640000 3.430000 -0.000000
1.654142 3.444142 -0.000000
1.650000 3.440000 -0.000000
1.664142 3.454142 -0.000000
1.678284 3.468284 -0.000000
1.670000 3.460000 -0.000000
1.690000 3.460000 -0.000000
1.680000 3.460000 -0.000000
1.688944 3.477889 -0.000000
1.697888 3.495777 -0.000000
1.690000 3.480000 -0.000000
1.707888 3.488944 -0.000000
1.725777 3.497889 -0.000000
1.710000 3.490000 -0.000000
1.724142 3.504142 -0.000000
1.720000 3.500000 -0.000000
1.734142 3.514142 -0.000000
1.748284 3.528284 -0.000000
1.740000 3.520000 -0.000000
1.748944 3.537889 -0.000000
1.757888 3.555777 -0.000000
1.750000 3.540000 -0.000000
1.764142 3.554142 -0.000000
1.778284 3.568284 -0.000000
1.792426 3.582427 -0.000000
1.780000 3.570000 -0.000000
1.794142 3.584142 -0.000000
1.808284 3.598284 -0.000000
1.800000 3.590000 -0.000000
1.811094 3.606641 -0.000000
1.822188 3.623282 -0.000000
1.820000 3.620000 -0.000000
1.834142 3.634142 -0.000000
1.830000 3.630000 -0.000000
1.838944 3.647888 -0.000000
1.847888 3.665777 -0.000000
1.840000 3.650000 -0.000000
1.851094 3.666641 -0.000000
1.862188 3.683282 -0.000000
1.860000 3.680000 -0.000000
1.872494 3.695617 -0.000000
1.884988 3.711235 -0.000000
1.897482 3.726852 -0.000000
1.909976 3.742470 -0.000000
1.900000 3.730000 -0.000000
1.914142 3.744142 -0.000000
1.928284 3.758284 -0.000000
1.920000 3.750000 -0.000000
1.928944 3.767889 -0.000000
1.937889 3.785777 -0.000000
1.946833 3.803666 -0.000000
1.940000 3.790000 -0.000000
1.951094 3.806641 -0.000000
1.962188 3.823282 -0.000000
1.960000 3.820000 -0.000000
1.974142 3.834142 -0.000000
1.988284 3.848284 -0.000000
1.980000 3.840000 -0.000000
1.987428 3.858570 -0.000000
1.994856 3.877139 -0.000000
2.002284 3.895709 -0.000000
2.000000 3.890000 -0.000000
2.000000 3.910000 -0.000000
2.000000 3.900000 -0.000000
2.008944 3.917888 -0.000000
2.017889 3.935777 -0.000000
2.010000 3.920000 -0.000000
2.024142 3.934142 -0.000000
2.020000 3.930000 -0.000000
2.020000 3.950000 -0.000000
2.020000 3.940000 -0.000000
2.020000 3.960000 -0.000000
2.020000 3.950000 0.000000

1.710000 3.730000 -0.000000
1.700000 3.730000 -0.000000
1.720000 3.730000 -0.000000
1.720000 3.730000 -0.000000
1.740000 3.730000 -0.000000
1.760000 3.730000 -0.000000
1.780000 3.730000 -0.000000
1.780000 3.730000 -0.000000
1.800000 3.730000 -0.000000
1.820000 3.730000 -0.000000
1.810000 3.730000 -0.000000
1.824142 3.715858 -0.000000
1.820000 3.720000 -0.000000
1.840000 3.720000 -0.000000
1.840000 3.720000 -0.000000
1.860000 3.720000 -0.000000
1.850000 3.720000 -0.000000
1.870000 3.720000 -0.000000
1.870000 3.720000 -0.000000
1.890000 3.720000 -0.000000
1.890000 3.720000 -0.000000
1.910000 3.720000 -0.000000
1.900000 3.720000 -0.000000
1.914142 3.705858 -0.000000
1.910000 3.710000 -0.000000
1.930000 3.710000 -0.000000
1.920000 3.710000 -0.000000
1.940000 3.710000 -0.000000
1.940000 3.710000 -0.000000
1.960000 3.710000 -0.000000
1.960000 3.710000 -0.000000
1.980000 3.710000 -0.000000
2.000000 3.710000 -0.000000
2.000000 3.710000 -0.000000
2.020000 3.710000 -0.000000
2.010000 3.710000 -0.000000
2.030000 3.710000 -0.000000
2.020000 3.710000 -0.000000
2.034142 3.724142 -0.000000
2.030000 3.720000 -0.000000
2.050000 3.720000 -0.000000
2.070000 3.720000 -0.000000
2.060000 3.720000 -0.000000
2.080000 3.720000 -0.000000
2.070000 3.720000 -0.000000
2.090000 3.720000 -0.000000
2.080000 3.720000 -0.000000
2.100000 3.720000 -0.000000
2.090000 3.720000 -0.000000
2.110000 3.720000 -0.000000
2.100000 3.720000 -0.000000
2.120000 3.720000 -0.000000
2.120000 3.720000 -0.000000
2.140000 3.720000 -0.000000
2.160000 3.720000 -0.000000
2.150000 3.720000 -0.000000
2.170000 3.720000 -0.000000
2.190000 3.720000 -0.000000
2.180000 3.720000 -0.000000
2.199403 3.724851 -0.000000
2.218806 3.729702 -0.000000
2.238209 3.734552 -0.000000
2.220000 3.730000 -0.000000
2.240000 3.730000 -0.000000
2.240000 3.730000 -0.000000
2.260000 3.730000 -0.000000
2.250000 3.730000 -0.000000
2.269403 3.734851 -0.000000
2.288806 3.739702 -0.000000
2.308209 3.744552 -0.000000
2.290000 3.740000 -0.000000
2.309403 3.744851 -0.000000
2.328806 3.749701 -0.000000
2.348209 3.754552 -0.000000
2.330000 3.750000 -0.000000
2.348974 3.756325 -0.000000
2.367947 3.762649 -0.000000
2.360000 3.760000 -0.000000
2.380000 3.760000 -0.000000
2.380000 3.760000 -0.000000
2.398570 3.767428 -0.000000
2.417139 3.774856 -0.000000
2.435709 3.782283 -0.000000
2.430000 3.780000 -0.000000
2.448974 3.786325 -0.000000
2.467947 3.792649 -0.000000
2.460000 3.790000 -0.000000
2.479403 3.794851 -0.000000
2.498806 3.799701 -0.000000
2.518209 3.804552 -0.000000
2.537611 3.809403 -0.000000
2.557014 3.814254 -0.000000
2.540000 3.810000 -0.000000
2.558974 3.816324 -0.000000
2.577947 3.822649 -0.000000
2.570000 3.820000 -0.000000
2.587888 3.828944 -0.000000
2.605777 3.837888 -0.000000
2.623666 3.846833 -0.000000
2.641554 3.855777 -0.000000
2.630000 3.850000 -0.000000
2.650000 3.850000 -0.000000
2.650000 3.850000 -0.000000
2.664142 3.864142 -0.000000
2.660000 3.860000 -0.000000
2.677888 3.868944 -0.000000
2.695777 3.877888 -0.000000
2.680000 3.870000 -0.000000
2.694142 3.884142 -0.000000
2.690000 3.880000 -0.000000
2.707889 3.888944 -0.000000
2.725777 3.897888 -0.000000
2.710000 3.890000 -0.000000
2.724142 3.904142 -0.000000
2.738284 3.918284 -0.000000
2.752426 3.932426 -0.000000
2.740000 3.920000 -0.000000
2.748944 3.937888 -0.000000
2.757889 3.955777 -0.000000
2.750000 3.940000 -0.000000
2.770000 3.940000 -0.000000
2.760000 3.940000 -0.000000
2.774142 3.954142 -0.000000
2.770000 3.950000 -0.000000
2.770000 3.970000 -0.000000
2.770000 3.960000 -0.000000
2.790000 3.960000 -0.000000
2.780000 3.960000 0.000000

2.490000 1.010000 -0.000000
2.490000 1.010000 -0.000000
2.498944 1.027889 -0.000000
2.507889 1.045777 -0.000000
2.500000 1.030000 -0.000000
2.508944 1.047889 -0.000000
2.517889 1.065777 -0.000000
2.510000 1.050000 -0.000000
2.510000 1.070000 -0.000000
2.510000 1.070000 -0.000000
2.518944 1.087889 -0.000000
2.527889 1.105777 -0.000000
2.520000 1.090000 -0.000000
2.528944 1.107889 -0.000000
2.537889 1.125777 -0.000000
2.530000 1.110000 -0.000000
2.538944 1.127889 -0.000000
2.547889 1.145777 -0.000000
2.556833 1.163666 -0.000000
2.550000 1.150000 -0.000000
2.564142 1.164142 -0.000000
2.560000 1.160000 -0.000000
2.572000 1.176000 -0.000000
2.584000 1.192000 -0.000000
2.596000 1.208000 -0.000000
2.590000 1.200000 -0.000000
2.604142 1.214142 -0.000000
2.600000 1.210000 -0.000000
2.606324 1.228974 -0.000000
2.612649 1.247947 -0.000000
2.610000 1.240000 -0.000000
2.610000 1.260000 -0.000000
2.610000 1.250000 -0.000000
2.624142 1.264142 -0.000000
2.620000 1.260000 -0.000000
2.626324 1.278974 -0.000000
2.632649 1.297947 -0.000000
2.630000 1.290000 -0.000000
2.630000 1.310000 -0.000000
2.630000 1.310000 -0.000000
2.638944 1.327888 -0.000000
2.647888 1.345777 -0.000000
2.640000 1.330000 -0.000000
2.648944 1.347888 -0.000000
2.657888 1.365777 -0.000000
2.650000 1.350000 -0.000000
2.650000 1.370000 -0.000000
2.650000 1.370000 -0.000000
2.657428 1.388569 -0.000000
2.664856 1.407139 -0.000000
2.672283 1.425709 -0.000000
2.670000 1.420000 -0.000000
2.678944 1.437889 -0.000000
2.687888 1.455777 -0.000000
2.680000 1.440000 -0.000000
2.686324 1.458974 -0.000000
2.692649 1.477947 -0.000000
2.690000 1.470000 -0.000000
2.698944 1.487888 -0.000000
2.707889 1.505777 -0.000000
2.716833 1.523666 -0.000000
2.710000 1.510000 -0.000000
2.716325 1.528974 -0.000000
2.722649 1.547947 -0.000000
2.720000 1.540000 -0.000000
2.728944 1.557889 -0.000000
2.737889 1.575777 -0.000000
2.746833 1.593666 -0.000000
2.740000 1.580000 -0.000000
2.740000 1.600000 -0.000000
2.740000 1.600000 -0.000000
2.751094 1.616641 -0.000000
2.762188 1.633282 -0.000000
2.760000 1.630000 -0.000000
2.768945 1.647889 -0.000000
2.777889 1.665777 -0.000000
2.786833 1.683666 -0.000000
2.780000 1.670000 -0.000000
2.786325 1.688974 -0.000000
2.792649 1.707947 -0.000000
2.798974 1.726921 -0.000000
2.805298 1.745895 -0.000000
2.800000 1.730000 -0.000000
2.803922 1.749612 -0.000000
2.807845 1.769223 -0.000000
2.811767 1.788835 -0.000000
2.810000 1.780000 -0.000000
2.816324 1.798974 -0.000000
2.822649 1.817947 -0.000000
2.820000 1.810000 -0.000000
2.826324 1.828974 -0.000000
2.832649 1.847947 -0.000000
2.830000 1.840000 -0.000000
2.833922 1.859612 -0.000000
2.837845 1.879223 -0.000000
2.841767 1.898835 -0.000000
2.840000 1.890000 -0.000000
2.846324 1.908974 -0.000000
2.852649 1.927947 -0.000000
2.850000 1.920000 -0.000000
2.850000 1.940000 -0.000000
2.850000 1.940000 -0.000000
2.854851 1.959403 -0.000000
2.859702 1.978806 -0.000000
2.864552 1.998209 -0.000000
2.860000 1.980000 -0.000000
2.864851 1.999403 -0.000000
2.869702 2.018806 -0.000000
2.874552 2.038209 -0.000000
2.870000 2.020000 -0.000000
2.870000 2.040000 -0.000000
2.870000 2.060000 -0.000000
2.870000 2.050000 -0.000000
2.874851 2.069403 -0.000000
2.879702 2.088806 -0.000000
2.884552 2.108209 -0.000000
2.880000 2.090000 -0.000000
2.888944 2.107888 -0.000000
2.897888 2.125777 -0.000000
2.890000 2.110000 -0.000000
2.890000 2.130000 -0.000000
2.890000 2.130000 -0.000000
2.893922 2.149612 -0.000000
2.897845 2.169223 -0.000000
2.901767 2.188835 -0.000000
2.900000 2.180000 -0.000000
2.903922 2.199612 -0.000000
2.907845 2.219223 -0.000000
2.911767 2.238835 -0.000000
2.910000 2.230000 -0.000000
2.913288 2.249728 -0.000000
2.916576 2.269456 -0.000000
2.919864 2.289184 -0.000000
2.923152 2.308911 -0.000000
2.920000 2.290000 -0.000000
2.923288 2.309728 -0.000000
2.926576 2.329456 -0.000000
2.929864 2.349184 -0.000000
2.933152 2.368912 -0.000000
2.930000 2.350000 -0.000000
2.933923 2.369612 -0.000000
2.937845 2.389223 -0.000000
2.941767 2.408835 -0.000000
2.940000 2.400000 -0.000000
2.940000 2.420000 -0.000000
2.940000 2.440000 -0.000000
2.940000 2.430000 -0.000000
2.940000 2.450000 -0.000000
2.940000 2.470000 -0.000000
2.940000 2.470000 -0.000000
2.944851 2.489403 -0.000000
2.949702 2.508806 -0.000000
2.954552 2.528209 -0.000000
2.950000 2.510000 -0.000000
2.950000 2.530000 -0.000000
2.950000 2.550000 -0.000000
2.950000 2.540000 -0.000000
2.950000 2.560000 -0.000000
2.950000 2.580000 -0.000000
2.950000 2.570000 -0.000000
2.950000 2.590000 -0.000000
2.950000 2.610000 -0.000000
2.950000 2.600000 -0.000000
2.950000 2.620000 -0.000000
2.950000 2.640000 -0.000000
2.950000 2.640000 -0.000000
2.950000 2.660000 -0.000000
2.950000 2.680000 -0.000000
2.950000 2.700000 -0.000000
2.950000 2.690000 -0.000000
2.950000 2.710000 -0.000000
2.950000 2.730000 -0.000000
2.950000 2.720000 -0.000000
2.950000 2.740000 -0.000000
2.950000 2.740000 -0.000000
2.950000 2.760000 -0.000000
2.950000 2.780000 -0.000000
2.950000 2.770000 -0.000000
2.943676 2.788974 -0.000000
2.937351 2.807947 -0.000000
2.940000 2.800000 -0.000000
2.940000 2.820000 -0.000000
2.940000 2.840000 -0.000000
2.940000 2.860000 -0.000000
2.940000 2.850000 -0.000000
2.933676 2.868974 -0.000000
2.927351 2.887947 -0.000000
2.930000 2.880000 -0.000000
2.930000 2.900000 -0.000000
2.930000 2.900000 -0.000000
2.930000 2.920000 -0.000000
2.930000 2.910000 -0.000000
2.930000 2.930000 -0.000000
2.930000 2.950000 -0.000000
2.930000 2.940000 -0.000000
2.921056 2.957889 -0.000000
2.912112 2.975777 -0.000000
2.920000 2.960000 -0.000000
2.920000 2.980000 -0.000000
2.920000 2.980000 -0.000000
2.905858 2.994142 -0.000000
2.910000 2.990000 -0.000000
2.910000 3.010000 -0.000000
2.910000 3.000000 -0.000000
2.910000 3.020000 -0.000000
2.910000 3.040000 -0.000000
2.910000 3.060000 -0.000000
2.910000 3.050000 -0.000000
2.905149 3.069403 -0.000000
2.900298 3.088806 -0.000000
2.895448 3.108209 -0.000000
2.900000 3.090000 -0.000000
2.891056 3.107888 -0.000000
2.882112 3.125777 -0.000000
2.890000 3.110000 -0.000000
2.890000 3.130000 -0.000000
2.890000 3.120000 -0.000000
2.890000 3.140000 -0.000000
2.890000 3.130000 -0.000000
2.883676 3.148974 -0.000000
2.877351 3.167947 -0.000000
2.880000 3.160000 -0.000000
2.872977 3.178726 -0.000000
2.865955 3.197453 -0.000000
2.858932 3.216180 -0.000000
2.851910 3.234906 -0.000000
2.844888 3.253633 -0.000000
2.850000 3.240000 -0.000000
2.843676 3.258974 -0.000000
2.837351 3.277947 -0.000000
2.840000 3.270000 -0.000000
2.840000 3.290000 -0.000000
2.840000 3.280000 -0.000000
2.825858 3.294142 -0.000000
2.811716 3.308284 -0.000000
2.820000 3.300000 -0.000000
2.812572 3.318570 -0.000000
2.805144 3.337139 -0.000000
2.797717 3.355709 -0.000000
2.800000 3.350000 -0.000000
2.791056 3.367888 -0.000000
2.782111 3.385777 -0.000000
2.773167 3.403666 -0.000000
2.764223 3.421554 -0.000000
2.770000 3.410000 -0.000000
2.761056 3.427888 -0.000000
2.752111 3.445777 -0.000000
2.743167 3.463666 -0.000000
2.734223 3.481554 -0.000000
2.740000 3.470000 -0.000000
2.729710 3.487150 -0.000000
2.719420 3.504300 -0.000000
2.709130 3.521450 -0.000000
2.710000 3.520000 -0.000000
2.702572 3.538570 -0.000000
2.695144 3.557139 -0.000000
2.687717 3.575709 -0.000000
2.690000 3.570000 -0.000000
2.679710 3.587150 -0.000000
2.669420 3.604300 -0.000000
2.659130 3.621449 -0.000000
2.660000 3.620000 -0.000000
2.653676 3.638974 -0.000000
2.647351 3.657947 -0.000000
2.650000 3.650000 -0.000000
2.635858 3.664142 -0.000000
2.640000 3.660000 -0.000000
2.631056 3.677888 -0.000000
2.622112 3.695777 -0.000000
2.630000 3.680000 -0.000000
2.610000 3.680000 -0.000000
2.620000 3.680000 -0.000000
2.611056 3.697888 -0.000000
2.602112 3.715777 -0.000000
2.610000 3.700000 -0.000000
2.598906 3.716641 -0.000000
2.587812 3.733282 -0.000000
2.590000 3.730000 -0.000000
2.575858 3.744142 -0.000000
2.561716 3.758284 -0.000000
2.547574 3.772426 -0.000000
2.560000 3.760000 -0.000000
2.545858 3.774142 -0.000000
2.531716 3.788284 -0.000000
2.517574 3.802426 -0.000000
2.530000 3.790000 -0.000000
2.515858 3.804142 -0.000000
2.501716 3.818284 -0.000000
2.487574 3.832427 -0.000000
2.500000 3.820000 -0.000000
2.491056 3.837888 -0.000000
2.482111 3.855777 -0.000000
2.490000 3.840000 -0.000000
2.475858 3.854142 -0.000000
2.480000 3.850000 -0.000000
2.471056 3.867888 -0.000000
2.462111 3.885777 -0.000000
2.470000 3.870000 -0.000000
2.452111 3.878944 -0.000000
2.434223 3.887888 -0.000000
2.450000 3.880000 -0.000000
2.438906 3.896641 -0.000000
2.427812 3.913282 -0.000000
2.430000 3.910000 -0.000000
2.421056 3.927888 -0.000000
2.412112 3.945777 -0.000000
2.420000 3.930000 -0.000000
2.402112 3.938944 -0.000000
2.384223 3.947888 -0.000000
2.400000 3.940000 -0.000000
2.400000 3.960000 -0.000000
2.400000 3.980000 -0.000000
2.400000 3.970000 -0.000000
2.420000 3.970000 -0.000000
2.410000 3.970000 0.000000

convex
1.551056 2.117888
1.542112 2.135777
1.550000 2.120000
1.541056 2.137888
1.532112 2.155777
1.540000 2.140000
1.525858 2.154142
1.530000 2.150000
1.530000 2.170000
1.530000 2.170000
1.521056 2.187888
1.512112 2.205777
1.520000 2.190000
1.508906 2.206641
1.497812 2.223282
1.500000 2.220000
1.495149 2.239403
1.490299 2.258806
1.485448 2.278209
1.490000 2.260000
1.483675 2.278974
1.477351 2.297947
1.480000 2.290000
1.480000 2.310000
1.480000 2.300000
1.471056 2.317888
1.462111 2.335777
1.453167 2.353666
1.460000 2.340000
1.451056 2.357888
1.442111 2.375777
1.450000 2.360000
1.450000 2.380000
1.450000 2.380000
1.441056 2.397888
1.432112 2.415777
1.440000 2.400000
1.433675 2.418974
1.427351 2.437947
1.430000 2.430000
1.430000 2.450000
1.430000 2.470000
1.430000 2.460000
1.430000 2.480000
1.430000 2.500000
1.430000 2.490000
1.423675 2.508974
1.417351 2.527947
1.420000 2.520000
1.420000 2.540000
1.420000 2.540000
1.413675 2.558974
1.407351 2.577947
1.410000 2.570000
1.401056 2.587888
1.392112 2.605777
1.400000 2.590000
1.400000 2.610000
1.400000 2.630000
1.400000 2.620000
1.400000 2.640000
1.400000 2.660000
1.400000 2.650000
1.393675 2.668974
1.387351 2.687947
1.390000 2.680000
1.390000 2.700000
1.390000 2.700000
1.390000 2.720000
1.390000 2.740000
1.390000 2.730000
1.390000 2.750000
1.390000 2.770000
1.390000 2.760000
1.390000 2.780000
1.390000 2.800000
1.390000 2.790000
1.390000 2.810000
1.390000 2.830000
1.390000 2.820000
1.398944 2.837888
1.407889 2.855777
1.400000 2.840000
1.400000 2.860000
1.400000 2.860000
1.406325 2.878974
1.412649 2.897947
1.410000 2.890000
1.410000 2.910000
1.410000 2.930000
1.410000 2.920000
1.416325 2.938974
1.422649 2.957947
1.420000 2.950000
1.428944 2.967889
1.437889 2.985777
1.430000 2.970000
1.430000 2.990000
1.430000 2.990000
1.438944 3.007889
1.447888 3.025777
1.440000 3.010000
1.448944 3.027889
1.457888 3.045777
1.450000 3.030000
1.458944 3.047889
1.467888 3.065777
1.460000 3.050000
1.460000 3.070000
1.460000 3.060000
1.474142 3.074142
1.470000 3.070000
1.484142 3.084142
1.480000 3.080000
1.486325 3.098974
1.492649 3.117947
1.490000 3.110000
1.498944 3.127888
1.507888 3.145777
1.500000 3.130000
1.514142 3.144142
1.510000 3.140000
1.510000 3.160000
1.510000 3.150000
1.524142 3.164142
1.520000 3.160000
1.534142 3.174142
1.530000 3.170000
1.544142 3.184142
1.540000 3.180000
1.554142 3.194142
1.550000 3.190000
1.564142 3.204142
1.560000 3.200000
1.568944 3.217889
1.577888 3.235777
1.570000 3.220000
1.584142 3.234142
1.580000 3.230000
1.600000 3.230000
1.590000 3.230000
1.604142 3.244142
1.600000 3.240000
1.614142 3.254142
1.610000 3.250000
1.627888 3.258945
1.645777 3.267889
1.630000 3.260000
1.644142 3.274142
1.640000 3.270000
1.654142 3.284142
1.650000 3.280000
1.664142 3.294142
1.660000 3.290000
1.674142 3.304142
1.670000 3.300000
1.684142 3.314142
1.680000 3.310000
1.697888 3.318944
1.715777 3.327888
1.700000 3.320000
1.711094 3.336641
1.722188 3.353282
1.720000 3.350000
1.734142 3.364142
1.730000 3.360000
1.744142 3.374142
1.740000 3.370000
1.754142 3.384142
1.750000 3.380000
1.764142 3.394142
1.760000 3.390000
1.774142 3.404142
1.770000 3.400000
1.781094 3.416641
1.792188 3.433282
1.790000 3.430000
1.801094 3.446641
1.812188 3.463282
1.810000 3.460000
1.818944 3.477889
1.827888 3.495777
1.820000 3.480000
1.840000 3.480000
1.830000 3.480000
1.850000 3.480000
1.840000 3.480000

1.930000 1.500000
1.930000 1.500000
1.950000 1.500000
1.970000 1.500000
1.970000 1.500000
1.990000 1.500000
2.010000 1.500000
2.030000 1.500000
2.050000 1.500000
2.050000 1.500000
2.070000 1.500000
2.090000 1.500000
2.080000 1.500000
2.099984 1.500799
2.119968 1.501599
2.139952 1.502398
2.159936 1.503197
2.179920 1.503997
2.199904 1.504796
2.219888 1.505596
2.239872 1.506395
2.259856 1.507194
2.279840 1.507994
2.299824 1.508793
2.319808 1.509592
2.339792 1.510392
2.330000 1.510000
2.349799 1.512828
2.369598 1.515657
2.389397 1.518485
2.409196 1.521314
2.400000 1.520000
2.419878 1.522209
2.439755 1.524417
2.459633 1.526626
2.479511 1.528835
2.499388 1.531043
2.490000 1.530000
2.509231 1.535494
2.528461 1.540989
2.547692 1.546483
2.566922 1.551978
2.560000 1.550000
2.540000 1.550000
2.550000 1.550000
2.550000 1.570000
2.550000 1.560000

1.989403 2.694851
2.008806 2.699702
2.028209 2.704552
2.010000 2.700000
2.029612 2.703923
2.049223 2.707844
2.068835 2.711767
2.088447 2.715689
2.108058 2.719611
2.127670 2.723534
2.110000 2.720000
2.129931 2.721661
2.149862 2.723322
2.169793 2.724983
2.189724 2.726644
2.209655 2.728304
2.229586 2.729965
2.249516 2.731626
2.230000 2.730000
2.249878 2.732208
2.269755 2.734417
2.289633 2.736626
2.309511 2.738835
2.329388 2.741043
2.320000 2.740000
2.339918 2.741811
2.359836 2.743622
2.379754 2.745432
2.399672 2.747243
2.419589 2.749054
2.439507 2.750864
2.430000 2.750000
2.430000 2.770000
2.430000 2.760000
2.415858 2.774142
2.420000 2.770000
2.400000 2.770000
2.410000 2.770000

1.957483 3.539713
1.974966 3.549426
1.992450 3.559139
2.009933 3.568851
2.027416 3.578564
2.044899 3.588277
2.030000 3.580000
2.049640 3.583777
2.069280 3.587554
2.088920 3.591331
2.108561 3.595108
2.128201 3.598885
2.147841 3.602662
2.167481 3.606439
2.187121 3.610215
2.206761 3.613993
2.226401 3.617769
2.246041 3.621546
2.265682 3.625324
2.285322 3.629100
2.304962 3.632877
2.290000 3.630000
2.310000 3.630000
2.330000 3.630000
2.330000 3.630000
2.349799 3.627172
2.369598 3.624343
2.389397 3.621515
2.409196 3.618686
2.428995 3.615858
2.448794 3.613029
2.468593 3.610201
2.488392 3.607373
2.470000 3.610000
2.484142 3.624142
2.480000 3.620000

2.694142 2.024142
2.690000 2.020000
2.690000 2.040000
2.690000 2.030000
2.694851 2.049403
2.699702 2.068806
2.704552 2.088209
2.700000 2.070000
2.706325 2.088974
2.712649 2.107947
2.710000 2.100000
2.718944 2.117888
2.727889 2.135777
2.720000 2.120000
2.728944 2.137888
2.737889 2.155777
2.730000 2.140000
2.733922 2.159612
2.737844 2.179223
2.741767 2.198835
2.740000 2.190000
2.746325 2.208974
2.752649 2.227947
2.750000 2.220000
2.756325 2.238974
2.762649 2.257947
2.760000 2.250000
2.768945 2.267889
2.777889 2.285777
2.770000 2.270000
2.776325 2.288974
2.782649 2.307947
2.780000 2.300000
2.786325 2.318974
2.792649 2.337947
2.790000 2.330000
2.794851 2.349403
2.799701 2.368806
2.804552 2.388209
2.800000 2.370000
2.800000 2.390000
2.800000 2.410000
2.800000 2.400000
2.806324 2.418974
2.812649 2.437947
2.810000 2.430000
2.810000 2.450000
2.810000 2.470000
2.810000 2.460000
2.824142 2.474142
2.820000 2.470000
2.820000 2.490000
2.820000 2.510000
2.820000 2.500000
2.820000 2.520000
2.820000 2.520000
2.820000 2.540000
2.820000 2.560000
2.820000 2.560000
2.826324 2.578974
2.832649 2.597947
2.830000 2.590000
2.830000 2.610000
2.830000 2.610000
2.830000 2.630000
2.830000 2.650000
2.830000 2.670000
2.830000 2.660000
2.830000 2.680000
2.830000 2.700000
2.830000 2.700000
2.830000 2.720000
2.830000 2.740000
2.830000 2.730000
2.830000 2.750000
2.830000 2.750000
2.830000 2.770000
2.830000 2.790000
2.830000 2.790000
2.825149 2.809403
2.820298 2.828806
2.815448 2.848209
2.820000 2.830000
2.820000 2.850000
2.820000 2.870000
2.820000 2.870000
2.815149 2.889403
2.810298 2.908806
2.805448 2.928209
2.810000 2.910000
2.803676 2.928974
2.797351 2.947948
2.800000 2.940000
2.800000 2.960000
2.800000 2.980000
2.800000 2.980000
2.793675 2.998974
2.787351 3.017947
2.790000 3.010000
2.790000 3.030000
2.790000 3.050000
2.790000 3.050000
2.790000 3.070000
2.790000 3.090000
2.790000 3.110000
2.790000 3.130000
2.790000 3.130000
2.783675 3.148974
2.777351 3.167947
2.780000 3.160000
2.775149 3.179403
2.770298 3.198806
2.765448 3.218209
2.770000 3.200000
2.766078 3.219611
2.762156 3.239223
2.758233 3.258835
2.760000 3.250000
2.752572 3.268570
2.745144 3.287139
2.737717 3.305709
2.740000 3.300000
2.732572 3.318570
2.725144 3.337139
2.717717 3.355709
2.710289 3.374278
2.702861 3.392848
2.695433 3.411417
2.700000 3.400000
2.691056 3.417888
2.682112 3.435777
2.673167 3.453666
2.664223 3.471554
2.670000 3.460000
2.658906 3.476641
2.647812 3.493282
2.650000 3.490000
2.642572 3.508570
2.635144 3.527139
2.627717 3.545709
2.630000 3.540000
2.621056 3.557889
2.612112 3.575777
2.603167 3.593666
2.610000 3.580000
2.590000 3.580000
2.600000 3.580000

concave
1.490000 0.580000
1.490000 0.590000
1.498944 0.607889
1.507888 0.625777
1.500000 0.610000
1.511094 0.626641
1.522188 0.643282
1.520000 0.640000
1.531094 0.656641
1.542188 0.673282
1.540000 0.670000
1.548944 0.687889
1.557889 0.705777
1.566833 0.723666
1.560000 0.710000
1.567428 0.728570
1.574856 0.747139
1.582283 0.765709
1.580000 0.760000
1.580000 0.780000
1.580000 0.770000
1.587428 0.788570
1.594856 0.807139
1.602283 0.825709
1.600000 0.820000
1.608944 0.837889
1.617888 0.855777
1.626833 0.873666
1.620000 0.860000
1.627022 0.878727
1.634045 0.897453
1.641067 0.916180
1.648090 0.934906
1.655112 0.953633
1.650000 0.940000
1.654851 0.959403
1.659701 0.978806
1.664552 0.998209
1.660000 0.980000
1.663922 0.999612
1.667845 1.019223
1.671767 1.038835
1.670000 1.030000
1.673922 1.049612
1.677845 1.069223
1.681767 1.088835
1.680000 1.080000
1.684851 1.099403
1.689701 1.118806
1.694552 1.138209
1.690000 1.120000
1.694851 1.139403
1.699701 1.158806
1.704552 1.178209
1.700000 1.160000
1.706325 1.178974
1.712649 1.197947
1.710000 1.190000
1.710000 1.210000
1.710000 1.230000
1.710000 1.230000
1.710000 1.250000
1.710000 1.250000
1.713922 1.269612
1.717845 1.289223
1.721767 1.308835
1.720000 1.300000
1.720000 1.320000
1.720000 1.340000
1.720000 1.340000
1.720000 1.360000
1.720000 1.380000
1.720000 1.380000
1.720000 1.400000
1.720000 1.420000
1.720000 1.420000
1.720000 1.440000
1.720000 1.460000
1.720000 1.480000
1.720000 1.480000
1.720000 1.500000
1.720000 1.520000
1.720000 1.540000
1.720000 1.530000
1.720000 1.550000
1.720000 1.550000
1.720000 1.570000
1.720000 1.560000
1.713675 1.578974
1.707351 1.597947
1.701026 1.616921
1.694702 1.635895
1.688377 1.654868
1.682053 1.673842
1.675728 1.692816
1.680000 1.680000
1.674506 1.699231
1.669011 1.718461
1.663517 1.737692
1.658022 1.756922
1.660000 1.750000
1.652820 1.768667
1.645641 1.787334
1.638461 1.806001
1.631282 1.824668
1.624102 1.843335
1.616922 1.862002
1.609743 1.880668
1.610000 1.880000
1.610000 1.900000
1.610000 1.920000
1.610000 1.910000
1.606078 1.929612
1.602155 1.949223
1.598233 1.968835
1.600000 1.960000
1.600000 1.980000
1.600000 1.970000
1.600000 1.950000
1.600000 1.960000

2.425858 1.225858
2.430000 1.230000
2.410000 1.230000
2.420000 1.230000
2.420000 1.250000
2.420000 1.240000
2.422828 1.259799
2.425657 1.279598
2.428485 1.299397
2.431314 1.319196
2.434142 1.338995
2.436970 1.358794
2.439799 1.378593
2.442627 1.398392
2.440000 1.380000
2.444497 1.399488
2.448994 1.418976
2.453491 1.438463
2.457989 1.457951
2.462486 1.477439
2.466983 1.496927
2.471480 1.516415
2.470000 1.510000
2.476325 1.528974
2.482649 1.547947
2.488974 1.566921
2.495298 1.585895
2.501623 1.604868
2.507947 1.623842
2.514272 1.642816
2.510000 1.630000
2.520290 1.647150
2.530580 1.664300
2.540870 1.681450
2.540000 1.680000
2.548944 1.697888
2.557889 1.715777
2.550000 1.700000
2.558944 1.717888
2.567888 1.735777
2.576833 1.753666
2.585777 1.771554
2.580000 1.760000
2.587428 1.778569
2.594856 1.797139
2.602283 1.815709
2.600000 1.810000
2.608944 1.827888
2.617888 1.845777
2.626833 1.863666
2.620000 1.850000
2.628944 1.867888
2.637888 1.885777
2.646833 1.903666
2.640000 1.890000
2.620000 1.890000
2.630000 1.890000

