boundary
0.620000 0.640000 -0.000000
0.610000 0.640000 -0.006607
0.630000 0.640000 -0.019821
0.620000 0.640000 -0.026427
0.640000 0.640000 -0.039634
0.630000 0.640000 -0.046235
0.650000 0.640000 -0.059432
0.640000 0.640000 -0.066026
0.660000 0.640000 -0.079206
0.650000 0.640000 -0.085791
0.670000 0.640000 -0.098949
0.670000 0.640000 -0.098949
0.690000 0.640000 -0.112090
0.690000 0.640000 -0.112090
0.707889 0.631056 -0.125211
0.725777 0.622111 -0.138311
0.710000 0.630000 -0.149844
0.730000 0.630000 -0.162896
0.720000 0.630000 -0.169412
0.740000 0.630000 -0.182420
0.740000 0.630000 -0.182420
0.760000 0.630000 -0.195397
0.760000 0.630000 -0.195397
0.774142 0.644142 -0.208340
0.770000 0.640000 -0.212124
0.790000 0.640000 -0.225019
0.780000 0.640000 -0.231452
0.800000 0.640000 -0.244288
0.790000 0.640000 -0.250690
0.810000 0.640000 -0.263460
0.800000 0.640000 -0.269828
0.814142 0.654142 -0.282529
0.810000 0.650000 -0.286240
0.830000 0.650000 -0.298876
0.820000 0.650000 -0.305175
0.840000 0.650000 -0.317733
0.830000 0.650000 -0.323991
0.850000 0.650000 -0.336464
0.840000 0.650000 -0.342679
0.860000 0.650000 -0.355063
0.850000 0.650000 -0.361232
0.864142 0.664142 -0.373523
0.860000 0.660000 -0.377111
0.880000 0.660000 -0.389316
0.870000 0.660000 -0.395394
0.890000 0.660000 -0.407497
0.890000 0.660000 -0.407497
0.904142 0.674142 -0.419529
0.900000 0.670000 -0.423039
0.920000 0.670000 -0.434976
0.910000 0.670000 -0.440916
0.930000 0.670000 -0.452738
0.920000 0.670000 -0.458620
0.937889 0.678944 -0.470322
0.955777 0.687889 -0.481943
0.940000 0.680000 -0.492122
0.940000 0.700000 -0.503583
0.940000 0.690000 -0.509280
0.960000 0.690000 -0.520608
0.950000 0.690000 -0.526238
0.970000 0.690000 -0.537429
0.960000 0.690000 -0.542989
0.974142 0.704142 -0.554038
0.970000 0.700000 -0.557257
0.984142 0.714142 -0.568180
0.980000 0.710000 -0.571361
0.994142 0.724142 -0.582156
0.990000 0.720000 -0.585299
1.004142 0.734142 -0.595962
1.000000 0.730000 -0.599066
1.020000 0.730000 -0.609595
1.010000 0.730000 -0.614819
1.024142 0.744142 -0.625187
1.020000 0.740000 -0.628203
1.040000 0.740000 -0.638430
1.030000 0.740000 -0.643502
1.047889 0.748944 -0.653560
1.065777 0.757889 -0.663505
1.050000 0.750000 -0.672180
1.070000 0.750000 -0.681905
1.060000 0.750000 -0.686723
1.074142 0.764142 -0.696269
1.070000 0.760000 -0.699042
1.084142 0.774142 -0.708430
1.080000 0.770000 -0.711156
1.100000 0.770000 -0.720385
1.100000 0.770000 -0.720385
1.114142 0.784142 -0.729487
1.110000 0.780000 -0.732129
1.127889 0.788944 -0.741066
1.145777 0.797889 -0.749874
1.130000 0.790000 -0.757534
1.146641 0.801094 -0.766094
1.163282 0.812188 -0.774520
1.160000 0.810000 -0.776166
1.180000 0.810000 -0.784431
1.170000 0.810000 -0.788511
1.184142 0.824142 -0.796570
1.198284 0.838284 -0.804489
1.190000 0.830000 -0.809063
1.207889 0.838944 -0.816759
1.225777 0.847889 -0.824312
1.210000 0.840000 -0.830854
1.226641 0.851094 -0.838135
1.243282 0.862188 -0.845270
1.240000 0.860000 -0.846659
1.254142 0.874142 -0.853617
1.250000 0.870000 -0.855627
1.268974 0.876325 -0.862392
1.287947 0.882649 -0.869007
1.280000 0.880000 -0.871732
1.300000 0.880000 -0.878131
1.290000 0.880000 -0.881273
1.307889 0.888944 -0.887441
1.325777 0.897889 -0.893454
1.343666 0.906833 -0.899312
1.330000 0.900000 -0.903681
1.347888 0.908944 -0.909260
1.365777 0.917889 -0.914681
1.350000 0.910000 -0.919329
1.369403 0.914851 -0.924449
1.388806 0.919701 -0.929407
1.408209 0.924552 -0.934203
1.390000 0.920000 -0.938555
1.408974 0.926325 -0.943034
1.427947 0.932649 -0.947348
1.420000 0.930000 -0.949106
1.437889 0.938944 -0.953185
1.455777 0.947889 -0.957097
1.440000 0.940000 -0.960410
1.460000 0.940000 -0.964007
1.480000 0.940000 -0.967436
1.470000 0.940000 -0.969088
1.487888 0.948944 -0.972263
1.505777 0.957889 -0.975269
1.490000 0.950000 -0.977779
1.510000 0.950000 -0.980464
1.530000 0.950000 -0.982977
1.520000 0.950000 -0.984170
1.539403 0.954851 -0.986426
1.558806 0.959701 -0.988510
1.578209 0.964552 -0.990421
1.560000 0.960000 -0.992057
1.580000 0.960000 -0.993633
1.580000 0.960000 -0.993633
1.599403 0.964851 -0.995035
1.618806 0.969701 -0.996263
1.638209 0.974552 -0.997317
1.620000 0.970000 -0.998149
1.640000 0.970000 -0.998865
1.640000 0.970000 -0.998865
1.658974 0.976325 -0.999407
1.677947 0.982649 -0.999775
1.670000 0.980000 -0.999877
1.690000 0.980000 -0.999997
1.690000 0.980000 -0.999997
1.708974 0.986325 -0.999942
1.727947 0.992649 -0.999713
1.720000 0.990000 -0.999565
1.740000 0.990000 -0.999088
1.730000 0.990000 -0.998784
1.750000 0.990000 -0.998045
1.770000 0.990000 -0.997132
1.760000 0.990000 -0.996611
1.780000 0.990000 -0.995436
1.800000 0.990000 -0.994089
1.790000 0.990000 -0.993349
1.808974 0.996325 -0.991741
1.827947 1.002649 -0.989960
1.820000 1.000000 -0.989162
1.840000 1.000000 -0.987136
1.830000 1.000000 -0.986058
1.850000 1.000000 -0.983773
1.840000 1.000000 -0.982566
1.860000 1.000000 -0.980023
1.860000 1.000000 -0.980023
1.880000 1.000000 -0.977310
1.900000 1.000000 -0.974425
1.890000 1.000000 -0.972919
1.910000 1.000000 -0.969780
1.930000 1.000000 -0.966471
1.920000 1.000000 -0.964753
1.940000 1.000000 -0.961192
1.930000 1.000000 -0.959348
1.950000 1.000000 -0.955534
1.950000 1.000000 -0.955534
1.970000 1.000000 -0.951554
1.990000 1.000000 -0.947408
1.990000 1.000000 -0.947408
2.010000 1.000000 -0.943096
2.030000 1.000000 -0.938620
2.020000 1.000000 -0.936320
2.040000 1.000000 -0.931598
2.060000 1.000000 -0.926714
2.050000 1.000000 -0.924211
2.070000 1.000000 -0.919084
2.090000 1.000000 -0.913796
2.090000 1.000000 -0.913796
2.110000 1.000000 -0.908349
2.110000 1.000000 -0.908349
2.129403 1.004851 -0.902743
2.148806 1.009701 -0.896980
2.168209 1.014552 -0.891059
2.150000 1.010000 -0.885362
2.170000 1.010000 -0.879142
2.170000 1.010000 -0.879142
2.190000 1.010000 -0.872767
2.210000 1.010000 -0.866241
2.230000 1.010000 -0.859563
2.220000 1.010000 -0.856167
2.240000 1.010000 -0.849265
2.260000 1.010000 -0.842214
2.250000 1.010000 -0.838633
2.270000 1.010000 -0.831362
2.270000 1.010000 -0.831362
2.290000 1.010000 -0.823946
2.310000 1.010000 -0.816386
2.330000 1.010000 -0.808683
2.320000 1.010000 -0.804779
2.340000 1.010000 -0.796865
2.360000 1.010000 -0.788811
2.350000 1.010000 -0.784733
2.370000 1.010000 -0.776474
2.390000 1.010000 -0.768079
2.380000 1.010000 -0.763831
2.400000 1.010000 -0.755236
2.420000 1.010000 -0.746508
2.420000 1.010000 -0.746508
2.440000 1.010000 -0.737650
2.440000 1.010000 -0.737650
2.460000 1.010000 -0.728664
2.480000 1.010000 -0.719550
2.500000 1.010000 -0.710311
2.490000 1.010000 -0.705644
2.510000 1.010000 -0.696219
2.500000 1.010000 -0.691461
2.520000 1.010000 -0.681855
2.540000 1.010000 -0.672129
2.560000 1.010000 -0.662286
2.550000 1.010000 -0.657321
2.570000 1.010000 -0.647305
2.590000 1.010000 -0.637176
2.610000 1.010000 -0.626936
2.600000 1.010000 -0.621774
2.617888 1.001056 -0.611370
2.635777 0.992111 -0.600860
2.620000 1.000000 -0.591503
2.640000 1.000000 -0.580796
2.660000 1.000000 -0.569988
2.680000 1.000000 -0.559081
2.680000 1.000000 -0.559081
2.699611 0.996078 -0.548076
2.719223 0.992155 -0.536975
2.738835 0.988233 -0.525780
2.730000 0.990000 -0.520707
2.749728 0.986712 -0.509380
2.769456 0.983424 -0.497964
2.789184 0.980136 -0.486461
2.808911 0.976848 -0.474873
2.790000 0.980000 -0.463687
2.809403 0.975149 -0.451939
2.828806 0.970299 -0.440111
2.848209 0.965448 -0.428207
2.830000 0.970000 -0.416967
2.850000 0.970000 -0.404920
2.870000 0.970000 -0.392802
2.870000 0.970000 -0.392802
2.889728 0.966712 -0.380615
2.909456 0.963424 -0.368362
2.929184 0.960136 -0.356045
2.948911 0.956848 -0.343665
2.930000 0.960000 -0.331742
2.949403 0.955149 -0.319247
2.968806 0.950299 -0.306696
2.988209 0.945448 -0.294091
2.970000 0.950000 -0.282216
2.990000 0.950000 -0.269514
3.010000 0.950000 -0.256765
3.010000 0.950000 -0.256765
3.030000 0.950000 -0.243972
3.050000 0.950000 -0.231135
3.070000 0.950000 -0.218258
3.070000 0.950000 -0.218258
3.088974 0.943675 -0.205343
3.107947 0.937351 -0.192393
3.100000 0.940000 -0.186958
3.120000 0.940000 -0.173960
3.120000 0.940000 -0.173960
3.139403 0.935149 -0.160932
3.158806 0.930299 -0.147876
3.178209 0.925448 -0.134794
3.160000 0.930000 -0.122495
3.180000 0.930000 -0.109370
3.180000 0.930000 -0.109370
3.200000 0.930000 -0.096225
3.190000 0.930000 -0.089646
3.204142 0.915858 -0.076477
3.200000 0.920000 -0.072617
3.220000 0.920000 -0.059431
3.220000 0.920000 -0.059431
3.240000 0.920000 -0.046235
3.230000 0.920000 -0.039634
3.250000 0.920000 -0.026426
3.240000 0.920000 -0.019821
3.260000 0.920000 -0.006607
3.250000 0.920000 -0.000000

1.080000 3.460000 -0.000000
1.070000 3.460000 -0.004101
1.090000 3.460000 -0.012301
1.080000 3.460000 -0.016400
1.100000 3.460000 -0.024595
1.090000 3.460000 -0.028690
1.110000 3.460000 -0.036873
1.110000 3.460000 -0.036873
1.130000 3.460000 -0.045047
1.120000 3.460000 -0.049130
1.140000 3.460000 -0.057285
1.130000 3.460000 -0.061356
1.144142 3.474142 -0.069487
1.140000 3.470000 -0.071865
1.160000 3.470000 -0.079972
1.150000 3.470000 -0.084017
1.170000 3.470000 -0.092090
1.160000 3.470000 -0.096118
1.180000 3.470000 -0.104153
1.170000 3.470000 -0.108160
1.190000 3.470000 -0.116153
1.180000 3.470000 -0.120137
1.200000 3.470000 -0.128082
1.190000 3.470000 -0.132042
1.210000 3.470000 -0.139934
1.230000 3.470000 -0.147789
1.220000 3.470000 -0.151701
1.240000 3.470000 -0.159495
1.230000 3.470000 -0.163377
1.250000 3.470000 -0.171106
1.240000 3.470000 -0.174953
1.257889 3.478944 -0.182612
1.275777 3.487889 -0.190222
1.260000 3.480000 -0.196892
1.280000 3.480000 -0.204404
1.270000 3.480000 -0.208139
1.290000 3.480000 -0.215568
1.290000 3.480000 -0.215568
1.307889 3.488944 -0.222939
1.325777 3.497889 -0.230250
1.310000 3.490000 -0.236646
1.330000 3.490000 -0.243839
1.320000 3.490000 -0.247411
1.338974 3.496325 -0.254504
1.357947 3.502649 -0.261529
1.350000 3.500000 -0.264451
1.370000 3.500000 -0.271376
1.390000 3.500000 -0.278227
1.380000 3.500000 -0.281625
1.397889 3.508945 -0.288364
1.415777 3.517889 -0.295025
1.400000 3.510000 -0.300834
1.420000 3.510000 -0.307344
1.440000 3.510000 -0.313772
1.430000 3.510000 -0.316954
1.450000 3.510000 -0.323254
1.470000 3.510000 -0.329467
1.470000 3.510000 -0.329467
1.488974 3.516325 -0.335592
1.507947 3.522649 -0.341626
1.500000 3.520000 -0.344127
1.520000 3.520000 -0.350030
1.520000 3.520000 -0.350030
1.540000 3.520000 -0.355839
1.540000 3.520000 -0.355839
1.560000 3.520000 -0.361553
1.580000 3.520000 -0.367169
1.580000 3.520000 -0.367169
1.600000 3.520000 -0.372686
1.600000 3.520000 -0.372686
1.620000 3.520000 -0.378104
1.620000 3.520000 -0.378104
1.640000 3.520000 -0.383419
1.640000 3.520000 -0.383419
1.657889 3.528944 -0.388631
1.675777 3.537889 -0.393739
1.660000 3.530000 -0.398156
1.680000 3.530000 -0.403063
1.680000 3.530000 -0.403063
1.700000 3.530000 -0.407862
1.720000 3.530000 -0.412551
1.740000 3.530000 -0.417129
1.730000 3.530000 -0.419376
1.750000 3.530000 -0.423785
1.770000 3.530000 -0.428080
1.760000 3.530000 -0.430185
1.780000 3.530000 -0.434307
1.800000 3.530000 -0.438312
1.790000 3.530000 -0.440271
1.810000 3.530000 -0.444098
1.830000 3.530000 -0.447807
1.820000 3.530000 -0.449616
1.840000 3.530000 -0.453143
1.860000 3.530000 -0.456549
1.850000 3.530000 -0.458205
1.870000 3.530000 -0.461426
1.890000 3.530000 -0.464523
1.890000 3.530000 -0.464523
1.910000 3.530000 -0.467494
1.910000 3.530000 -0.467494
1.930000 3.530000 -0.470340
1.950000 3.530000 -0.473060
1.950000 3.530000 -0.473060
1.970000 3.530000 -0.475652
1.990000 3.530000 -0.478116
1.980000 3.530000 -0.479300
2.000000 3.530000 -0.481570
2.000000 3.530000 -0.481570
2.017889 3.538944 -0.483712
2.035777 3.547889 -0.485723
2.020000 3.540000 -0.487388
2.040000 3.540000 -0.489153
2.060000 3.540000 -0.490786
2.050000 3.540000 -0.491553
2.070000 3.540000 -0.492988
2.060000 3.540000 -0.493656
2.080000 3.540000 -0.494892
2.100000 3.540000 -0.495995
2.090000 3.540000 -0.496496
2.110000 3.540000 -0.497398
2.110000 3.540000 -0.497398
2.130000 3.540000 -0.498167
2.150000 3.540000 -0.498802
2.150000 3.540000 -0.498802
2.170000 3.540000 -0.499302
2.160000 3.540000 -0.499502
2.180000 3.540000 -0.499801
2.180000 3.540000 -0.499801
2.200000 3.540000 -0.499965
2.220000 3.540000 -0.499995
2.220000 3.540000 -0.499995
2.240000 3.540000 -0.499890
2.230000 3.540000 -0.499787
2.247889 3.531056 -0.499481
2.265777 3.522111 -0.499040
2.250000 3.530000 -0.498540
2.270000 3.530000 -0.497846
2.290000 3.530000 -0.497019
2.310000 3.530000 -0.496058
2.300000 3.530000 -0.495528
2.320000 3.530000 -0.494366
2.320000 3.530000 -0.494366
2.340000 3.530000 -0.493072
2.340000 3.530000 -0.493072
2.360000 3.530000 -0.491645
2.380000 3.530000 -0.490086
2.370000 3.530000 -0.489257
2.390000 3.530000 -0.487501
2.410000 3.530000 -0.485613
2.400000 3.530000 -0.484620
2.420000 3.530000 -0.482536
2.420000 3.530000 -0.482536
2.438974 3.523675 -0.480323
2.457947 3.517351 -0.477980
2.450000 3.520000 -0.476960
2.470000 3.520000 -0.474435
2.490000 3.520000 -0.471783
2.490000 3.520000 -0.471783
2.510000 3.520000 -0.469003
2.530000 3.520000 -0.466097
2.520000 3.520000 -0.464597
2.537889 3.511056 -0.461504
2.555777 3.502111 -0.458286
2.540000 3.510000 -0.455346
2.560000 3.510000 -0.451896
2.580000 3.510000 -0.448326
2.600000 3.510000 -0.444635
2.600000 3.510000 -0.444635
2.620000 3.510000 -0.440824
2.610000 3.510000 -0.438874
2.628974 3.503675 -0.434885
2.647947 3.497351 -0.430780
2.640000 3.500000 -0.429026
2.660000 3.500000 -0.424756
2.650000 3.500000 -0.422578
2.670000 3.500000 -0.418138
2.690000 3.500000 -0.413585
2.680000 3.500000 -0.411267
2.697888 3.491055 -0.406547
2.715777 3.482111 -0.401718
2.700000 3.490000 -0.397370
2.720000 3.490000 -0.392339
2.710000 3.490000 -0.389783
2.730000 3.490000 -0.384594
2.720000 3.490000 -0.381961
2.740000 3.490000 -0.376617
2.730000 3.490000 -0.373907
2.750000 3.490000 -0.368412
2.750000 3.490000 -0.368412
2.767889 3.481055 -0.362818
2.785777 3.472111 -0.357126
2.770000 3.480000 -0.352026
2.790000 3.480000 -0.346155
2.780000 3.480000 -0.343184
2.800000 3.480000 -0.337173
2.800000 3.480000 -0.337173
2.820000 3.480000 -0.331072
2.820000 3.480000 -0.331072
2.840000 3.480000 -0.324882
2.860000 3.480000 -0.318604
2.850000 3.480000 -0.315433
2.870000 3.480000 -0.309027
2.870000 3.480000 -0.309027
2.890000 3.480000 -0.302539
2.880000 3.480000 -0.299264
2.897888 3.471056 -0.292653
2.915777 3.462111 -0.285964
2.900000 3.470000 -0.280001
2.920000 3.470000 -0.273169
2.910000 3.470000 -0.269725
2.930000 3.470000 -0.262783
2.930000 3.470000 -0.262783
2.947888 3.461056 -0.255771
2.965777 3.452111 -0.248689
2.950000 3.460000 -0.242388
2.970000 3.460000 -0.235183
2.960000 3.460000 -0.231556
2.974142 3.445858 -0.224256
2.970000 3.450000 -0.222106
2.990000 3.450000 -0.214729
2.980000 3.450000 -0.211018
3.000000 3.450000 -0.203555
2.990000 3.450000 -0.199803
3.010000 3.450000 -0.192258
3.010000 3.450000 -0.192258
3.027889 3.458944 -0.184661
3.045777 3.467889 -0.177015
3.030000 3.460000 -0.170232
3.050000 3.460000 -0.162498
3.070000 3.460000 -0.154720
3.060000 3.460000 -0.150815
3.080000 3.460000 -0.142976
3.100000 3.460000 -0.135098
3.090000 3.460000 -0.131145
3.107888 3.451056 -0.123213
3.125777 3.442111 -0.115248
3.110000 3.450000 -0.108198
3.130000 3.450000 -0.100176
3.120000 3.450000 -0.096155
3.138974 3.443676 -0.088094
3.157947 3.437351 -0.080010
3.150000 3.440000 -0.076617
3.170000 3.440000 -0.068502
3.170000 3.440000 -0.068502
3.190000 3.440000 -0.060369
3.180000 3.440000 -0.056296
3.194142 3.425858 -0.048140
3.190000 3.430000 -0.045748
3.210000 3.430000 -0.037575
3.200000 3.430000 -0.033485
3.220000 3.430000 -0.025297
3.210000 3.430000 -0.021201
3.224142 3.415858 -0.013004
3.220000 3.420000 -0.010603
3.205858 3.434142 -0.002402
3.210000 3.430000 -0.000000

contour
0.800000 0.580000 -0.000000
0.810000 0.580000 -0.000000
0.795858 0.594142 -0.000000
0.800000 0.590000 -0.000000
0.785858 0.604142 -0.000000
0.790000 0.600000 -0.000000
0.770000 0.600000 -0.000000
0.780000 0.600000 -0.000000
0.765858 0.614142 -0.000000
0.770000 0.610000 -0.000000
0.755858 0.624142 -0.000000
0.760000 0.620000 -0.000000
0.745858 0.634142 -0.000000
0.750000 0.630000 -0.000000
0.750000 0.650000 -0.000000
0.750000 0.640000 -0.000000
0.730000 0.640000 -0.000000
0.740000 0.640000 -0.000000
0.725858 0.654142 -0.000000
0.730000 0.650000 -0.000000
0.715858 0.664142 -0.000000
0.720000 0.660000 -0.000000
0.705858 0.674142 -0.000000
0.710000 0.670000 -0.000000
0.695858 0.684142 -0.000000
0.700000 0.680000 -0.000000
0.680000 0.680000 -0.000000
0.690000 0.680000 -0.000000
0.675858 0.694142 -0.000000
0.680000 0.690000 -0.000000
0.665858 0.704142 -0.000000
0.670000 0.700000 -0.000000
0.670000 0.720000 -0.000000
0.670000 0.710000 -0.000000
0.650000 0.710000 -0.000000
0.660000 0.710000 -0.000000
0.660000 0.730000 -0.000000
0.660000 0.720000 -0.000000
0.645858 0.734142 -0.000000
0.650000 0.730000 -0.000000
0.650000 0.750000 -0.000000
0.650000 0.740000 -0.000000
0.630000 0.740000 -0.000000
0.640000 0.740000 -0.000000
0.640000 0.760000 -0.000000
0.640000 0.750000 -0.000000
0.625858 0.764142 -0.000000
0.630000 0.760000 -0.000000
0.615858 0.774142 -0.000000
0.620000 0.770000 -0.000000
0.620000 0.790000 -0.000000
0.620000 0.780000 -0.000000
0.600000 0.780000 -0.000000
0.610000 0.780000 -0.000000
0.610000 0.800000 -0.000000
0.610000 0.790000 -0.000000
0.610000 0.810000 -0.000000
0.610000 0.800000 -0.000000
0.590000 0.800000 -0.000000
0.600000 0.800000 -0.000000
0.600000 0.820000 -0.000000
0.600000 0.810000 -0.000000
0.600000 0.830000 -0.000000
0.600000 0.820000 -0.000000
0.600000 0.840000 -0.000000
0.600000 0.830000 -0.000000
0.585858 0.844142 -0.000000
0.590000 0.840000 -0.000000
0.590000 0.860000 -0.000000
0.590000 0.850000 -0.000000
0.590000 0.870000 -0.000000
0.590000 0.860000 -0.000000
0.575858 0.874142 -0.000000
0.580000 0.870000 -0.000000
0.580000 0.890000 -0.000000
0.580000 0.880000 -0.000000
0.580000 0.900000 -0.000000
0.580000 0.890000 -0.000000
0.580000 0.910000 -0.000000
0.580000 0.910000 -0.000000
0.580000 0.930000 -0.000000
0.580000 0.920000 -0.000000
0.580000 0.940000 -0.000000
0.580000 0.940000 -0.000000
0.580000 0.960000 -0.000000
0.580000 0.950000 -0.000000
0.580000 0.970000 -0.000000
0.580000 0.960000 -0.000000
0.580000 0.980000 -0.000000
0.580000 0.970000 -0.000000
0.580000 0.990000 -0.000000
0.580000 0.980000 -0.000000
0.580000 1.000000 -0.000000
0.580000 0.990000 -0.000000
0.580000 1.010000 -0.000000
0.580000 1.000000 -0.000000
0.600000 1.000000 -0.000000
0.590000 1.000000 -0.000000
0.590000 1.020000 -0.000000
0.590000 1.010000 -0.000000
0.590000 1.030000 -0.000000
0.590000 1.020000 -0.000000
0.610000 1.020000 -0.000000
0.600000 1.020000 -0.000000
0.608944 1.037889 -0.000000
0.617889 1.055777 -0.000000
0.610000 1.040000 -0.000000
0.624142 1.054142 -0.000000
0.620000 1.050000 -0.000000
0.634142 1.064142 -0.000000
0.630000 1.060000 -0.000000
0.644142 1.074142 -0.000000
0.640000 1.070000 -0.000000
0.660000 1.070000 -0.000000
0.650000 1.070000 -0.000000
0.664142 1.084142 -0.000000
0.660000 1.080000 -0.000000
0.680000 1.080000 -0.000000
0.670000 1.080000 -0.000000
0.670000 1.100000 -0.000000
0.670000 1.090000 -0.000000
0.690000 1.090000 -0.000000
0.690000 1.090000 -0.000000
0.690000 1.110000 -0.000000
0.690000 1.100000 -0.000000
0.710000 1.100000 -0.000000
0.700000 1.100000 -0.000000
0.720000 1.100000 -0.000000
0.720000 1.100000 -0.000000
0.740000 1.100000 -0.000000
0.730000 1.100000 -0.000000
0.744142 1.114142 -0.000000
0.740000 1.110000 -0.000000
0.757889 1.118944 -0.000000
0.775777 1.127889 -0.000000
0.760000 1.120000 -0.000000
0.780000 1.120000 -0.000000
0.770000 1.120000 -0.000000
0.784142 1.134142 -0.000000
0.780000 1.130000 -0.000000
0.800000 1.130000 -0.000000
0.800000 1.130000 -0.000000
0.817889 1.138944 -0.000000
0.835777 1.147889 -0.000000
0.820000 1.140000 -0.000000
0.834142 1.154142 -0.000000
0.830000 1.150000 -0.000000
0.844142 1.164142 -0.000000
0.840000 1.160000 -0.000000
0.857889 1.168944 -0.000000
0.875777 1.177889 -0.000000
0.860000 1.170000 -0.000000
0.880000 1.170000 -0.000000
0.870000 1.170000 -0.000000
0.884142 1.184142 -0.000000
0.880000 1.180000 -0.000000
0.894142 1.194142 -0.000000
0.908284 1.208284 -0.000000
0.900000 1.200000 -0.000000
0.900000 1.220000 -0.000000
0.900000 1.210000 -0.000000
0.917889 1.218944 -0.000000
0.935777 1.227889 -0.000000
0.920000 1.220000 -0.000000
0.920000 1.240000 -0.000000
0.920000 1.230000 -0.000000
0.934142 1.244142 -0.000000
0.930000 1.240000 -0.000000
0.938944 1.257889 -0.000000
0.947889 1.275777 -0.000000
0.940000 1.260000 -0.000000
0.948944 1.277889 -0.000000
0.957889 1.295777 -0.000000
0.950000 1.280000 -0.000000
0.964142 1.294142 -0.000000
0.960000 1.290000 -0.000000
0.968944 1.307889 -0.000000
0.977889 1.325777 -0.000000
0.970000 1.310000 -0.000000
0.970000 1.330000 -0.000000
0.970000 1.330000 -0.000000
0.990000 1.330000 -0.000000
0.980000 1.330000 -0.000000
0.980000 1.350000 -0.000000
0.980000 1.350000 -0.000000
0.988944 1.367888 -0.000000
0.997889 1.385777 -0.000000
0.990000 1.370000 -0.000000
0.990000 1.390000 -0.000000
0.990000 1.380000 -0.000000
0.990000 1.400000 -0.000000
0.990000 1.400000 -0.000000
0.990000 1.420000 -0.000000
0.990000 1.410000 -0.000000
0.990000 1.430000 -0.000000
0.990000 1.420000 -0.000000
0.990000 1.440000 -0.000000
0.990000 1.430000 -0.000000
0.996325 1.448974 -0.000000
1.002649 1.467947 -0.000000
1.000000 1.460000 -0.000000
1.000000 1.480000 -0.000000
1.000000 1.470000 -0.000000
1.000000 1.490000 -0.000000
1.000000 1.490000 -0.000000
1.000000 1.510000 -0.000000
1.000000 1.530000 -0.000000
1.000000 1.520000 -0.000000
1.000000 1.540000 -0.000000
1.000000 1.530000 -0.000000
1.000000 1.550000 -0.000000
1.000000 1.550000 -0.000000
1.000000 1.570000 -0.000000
1.000000 1.560000 -0.000000
1.000000 1.580000 -0.000000
1.000000 1.600000 -0.000000
1.000000 1.620000 -0.000000
1.000000 1.610000 -0.000000
1.000000 1.630000 -0.000000
1.000000 1.630000 -0.000000
1.000000 1.650000 -0.000000
1.000000 1.640000 -0.000000
1.000000 1.660000 -0.000000
1.000000 1.660000 -0.000000
0.995149 1.679403 -0.000000
0.990299 1.698806 -0.000000
0.985448 1.718209 -0.000000
0.990000 1.700000 -0.000000
0.975858 1.714142 -0.000000
0.980000 1.710000 -0.000000
0.980000 1.730000 -0.000000
0.980000 1.730000 -0.000000
0.980000 1.750000 -0.000000
0.980000 1.750000 -0.000000
0.965858 1.764142 -0.000000
0.970000 1.760000 -0.000000
0.970000 1.780000 -0.000000
0.970000 1.770000 -0.000000
0.970000 1.790000 -0.000000
0.970000 1.790000 -0.000000
0.955858 1.804142 -0.000000
0.960000 1.800000 -0.000000
0.960000 1.820000 -0.000000
0.960000 1.810000 -0.000000
0.951056 1.827888 -0.000000
0.942111 1.845777 -0.000000
0.950000 1.830000 -0.000000
0.950000 1.850000 -0.000000
0.950000 1.850000 -0.000000
0.935858 1.864142 -0.000000
0.940000 1.860000 -0.000000
0.940000 1.880000 -0.000000
0.940000 1.900000 -0.000000
0.940000 1.890000 -0.000000
0.928906 1.906641 -0.000000
0.917812 1.923282 -0.000000
0.920000 1.920000 -0.000000
0.920000 1.940000 -0.000000
0.920000 1.930000 -0.000000
0.920000 1.950000 -0.000000
0.920000 1.950000 -0.000000
0.905858 1.964142 -0.000000
0.910000 1.960000 -0.000000
0.910000 1.980000 -0.000000
0.910000 1.970000 -0.000000
0.895858 1.984142 -0.000000
0.881716 1.998284 -0.000000
0.890000 1.990000 -0.000000
0.881056 2.007889 -0.000000
0.872111 2.025777 -0.000000
0.880000 2.010000 -0.000000
0.868906 2.026641 -0.000000
0.857812 2.043282 -0.000000
0.860000 2.040000 -0.000000
0.845858 2.054142 -0.000000
0.831716 2.068284 -0.000000
0.840000 2.060000 -0.000000
0.828906 2.076641 -0.000000
0.817812 2.093282 -0.000000
0.820000 2.090000 -0.000000
0.813675 2.108974 -0.000000
0.807351 2.127947 -0.000000
0.810000 2.120000 -0.000000
0.795858 2.134142 -0.000000
0.781716 2.148284 -0.000000
0.767574 2.162426 -0.000000
0.780000 2.150000 -0.000000
0.780000 2.170000 -0.000000
0.780000 2.170000 -0.000000
0.765858 2.184142 -0.000000
0.770000 2.180000 -0.000000
0.755858 2.194142 -0.000000
0.760000 2.190000 -0.000000
0.745858 2.204142 -0.000000
0.750000 2.200000 -0.000000
0.741056 2.217889 -0.000000
0.732111 2.235777 -0.000000
0.740000 2.220000 -0.000000
0.732572 2.238569 -0.000000
0.725144 2.257139 -0.000000
0.717717 2.275709 -0.000000
0.720000 2.270000 -0.000000
0.705858 2.284142 -0.000000
0.710000 2.280000 -0.000000
0.701056 2.297889 -0.000000
0.692111 2.315777 -0.000000
0.700000 2.300000 -0.000000
0.700000 2.320000 -0.000000
0.700000 2.310000 -0.000000
0.700000 2.330000 -0.000000
0.700000 2.320000 -0.000000
0.700000 2.340000 -0.000000
0.700000 2.330000 -0.000000
0.693675 2.348974 -0.000000
0.687351 2.367947 -0.000000
0.690000 2.360000 -0.000000
0.690000 2.380000 -0.000000
0.690000 2.370000 -0.000000
0.690000 2.390000 -0.000000
0.690000 2.380000 -0.000000
0.690000 2.400000 -0.000000
0.690000 2.400000 -0.000000
0.683675 2.418974 -0.000000
0.677351 2.437947 -0.000000
0.680000 2.430000 -0.000000
0.680000 2.450000 -0.000000
0.680000 2.440000 -0.000000
0.680000 2.460000 -0.000000
0.680000 2.450000 -0.000000
0.680000 2.470000 -0.000000
0.680000 2.470000 -0.000000
0.680000 2.490000 -0.000000
0.680000 2.510000 -0.000000
0.680000 2.510000 -0.000000
0.680000 2.530000 -0.000000
0.680000 2.520000 -0.000000
0.680000 2.540000 -0.000000
0.680000 2.540000 -0.000000
0.684851 2.559403 -0.000000
0.689701 2.578806 -0.000000
0.694552 2.598209 -0.000000
0.690000 2.580000 -0.000000
0.690000 2.600000 -0.000000
0.690000 2.590000 -0.000000
0.698944 2.607888 -0.000000
0.707889 2.625777 -0.000000
0.700000 2.610000 -0.000000
0.700000 2.630000 -0.000000
0.700000 2.630000 -0.000000
0.704851 2.649403 -0.000000
0.709701 2.668806 -0.000000
0.714552 2.688209 -0.000000
0.710000 2.670000 -0.000000
0.710000 2.690000 -0.000000
0.710000 2.690000 -0.000000
0.718944 2.707889 -0.000000
0.727889 2.725777 -0.000000
0.720000 2.710000 -0.000000
0.728944 2.727889 -0.000000
0.737889 2.745777 -0.000000
0.746833 2.763666 -0.000000
0.740000 2.750000 -0.000000
0.748944 2.767889 -0.000000
0.757889 2.785777 -0.000000
0.750000 2.770000 -0.000000
0.758944 2.787889 -0.000000
0.767889 2.805777 -0.000000
0.760000 2.790000 -0.000000
0.768944 2.807889 -0.000000
0.777889 2.825777 -0.000000
0.770000 2.810000 -0.000000
0.770000 2.830000 -0.000000
0.770000 2.820000 -0.000000
0.784142 2.834142 -0.000000
0.780000 2.830000 -0.000000
0.780000 2.850000 -0.000000
0.780000 2.840000 -0.000000
0.794142 2.854142 -0.000000
0.808284 2.868284 -0.000000
0.800000 2.860000 -0.000000
0.814142 2.874142 -0.000000
0.828284 2.888284 -0.000000
0.820000 2.880000 -0.000000
0.834142 2.894142 -0.000000
0.830000 2.890000 -0.000000
0.847889 2.898944 -0.000000
0.865777 2.907888 -0.000000
0.850000 2.900000 -0.000000
0.850000 2.920000 -0.000000
0.850000 2.910000 -0.000000
0.870000 2.910000 -0.000000
0.870000 2.910000 -0.000000
0.884142 2.924142 -0.000000
0.880000 2.920000 -0.000000
0.900000 2.920000 -0.000000
0.890000 2.920000 -0.000000
0.904142 2.934142 -0.000000
0.900000 2.930000 -0.000000
0.917889 2.938944 -0.000000
0.935777 2.947888 -0.000000
0.920000 2.940000 -0.000000
0.940000 2.940000 -0.000000
0.930000 2.940000 -0.000000
0.944142 2.954142 -0.000000
0.940000 2.950000 -0.000000
0.957889 2.958944 -0.000000
0.975777 2.967889 -0.000000
0.960000 2.960000 -0.000000
0.974142 2.974142 -0.000000
0.988284 2.988284 -0.000000
0.980000 2.980000 -0.000000
1.000000 2.980000 -0.000000
1.000000 2.980000 -0.000000
1.014142 2.994142 -0.000000
1.010000 2.990000 -0.000000
1.030000 2.990000 -0.000000
1.020000 2.990000 -0.000000
1.034142 3.004142 -0.000000
1.030000 3.000000 -0.000000
1.048974 3.006325 -0.000000
1.067947 3.012649 -0.000000
1.060000 3.010000 -0.000000
1.080000 3.010000 -0.000000
1.070000 3.010000 -0.000000
1.084142 3.024142 -0.000000
1.080000 3.020000 -0.000000
1.098974 3.026325 -0.000000
1.117947 3.032649 -0.000000
1.110000 3.030000 -0.000000
1.127889 3.038944 -0.000000
1.145777 3.047889 -0.000000
1.130000 3.040000 -0.000000
1.144142 3.054142 -0.000000
1.158284 3.068284 -0.000000
1.150000 3.060000 -0.000000
1.170000 3.060000 -0.000000
1.160000 3.060000 -0.000000
1.180000 3.060000 -0.000000
1.170000 3.060000 -0.000000
1.170000 3.080000 -0.000000
1.170000 3.070000 -0.000000
1.190000 3.070000 -0.000000
1.180000 3.070000 -0.000000
1.180000 3.090000 -0.000000
1.180000 3.080000 -0.000000
1.194142 3.094142 -0.000000
1.190000 3.090000 -0.000000
1.210000 3.090000 -0.000000
1.200000 3.090000 -0.000000
1.214142 3.104142 -0.000000
1.210000 3.100000 -0.000000
1.224142 3.114142 -0.000000
1.220000 3.110000 -0.000000
1.234142 3.124142 -0.000000
1.230000 3.120000 -0.000000
1.236325 3.138974 -0.000000
1.242649 3.157947 -0.000000
1.240000 3.150000 -0.000000
1.254142 3.164142 -0.000000
1.250000 3.160000 -0.000000
1.250000 3.180000 -0.000000
1.250000 3.180000 -0.000000
1.258944 3.197888 -0.000000
1.267889 3.215777 -0.000000
1.260000 3.200000 -0.000000
1.274142 3.214142 -0.000000
1.270000 3.210000 -0.000000
1.270000 3.230000 -0.000000
1.270000 3.230000 -0.000000
1.270000 3.250000 -0.000000
1.270000 3.240000 -0.000000
1.278944 3.257889 -0.000000
1.287889 3.275777 -0.000000
1.280000 3.260000 -0.000000
1.280000 3.280000 -0.000000
1.280000 3.280000 -0.000000
1.280000 3.300000 -0.000000
1.280000 3.290000 -0.000000
1.280000 3.310000 -0.000000
1.280000 3.300000 -0.000000
1.280000 3.320000 -0.000000
1.280000 3.310000 -0.000000
1.280000 3.330000 -0.000000
1.280000 3.330000 -0.000000
1.280000 3.350000 -0.000000
1.280000 3.370000 -0.000000
1.280000 3.360000 -0.000000
1.276078 3.379611 -0.000000
1.272155 3.399223 -0.000000
1.268233 3.418835 -0.000000
1.270000 3.410000 -0.000000
1.270000 3.430000 -0.000000
1.270000 3.420000 -0.000000
1.270000 3.440000 -0.000000
1.270000 3.430000 -0.000000
1.255858 3.444142 -0.000000
1.260000 3.440000 -0.000000
1.260000 3.460000 -0.000000
1.260000 3.450000 -0.000000
1.260000 3.470000 -0.000000
1.260000 3.470000 -0.000000
1.245858 3.484142 -0.000000
1.250000 3.480000 -0.000000
1.250000 3.500000 -0.000000
1.250000 3.520000 -0.000000
1.250000 3.510000 -0.000000
1.243675 3.528974 -0.000000
1.237351 3.547947 -0.000000
1.240000 3.540000 -0.000000
1.231056 3.557889 -0.000000
1.222111 3.575777 -0.000000
1.230000 3.560000 -0.000000
1.230000 3.580000 -0.000000
1.230000 3.570000 -0.000000
1.218906 3.586641 -0.000000
1.207812 3.603282 -0.000000
1.210000 3.600000 -0.000000
1.210000 3.620000 -0.000000
1.210000 3.610000 -0.000000
1.203676 3.628974 -0.000000
1.197351 3.647947 -0.000000
1.200000 3.640000 -0.000000
1.200000 3.620000 -0.000000
1.200000 3.630000 -0.000000
1.200000 3.610000 -0.000000
1.200000 3.620000 0.000000

3.160000 0.800000 -0.000000
3.150000 0.800000 -0.000000
3.138906 0.816641 -0.000000
3.127812 0.833282 -0.000000
3.130000 0.830000 -0.000000
3.125149 0.849403 -0.000000
3.120298 0.868806 -0.000000
3.115448 0.888209 -0.000000
3.120000 0.870000 -0.000000
3.120000 0.890000 -0.000000
3.120000 0.880000 -0.000000
3.105858 0.894142 -0.000000
3.110000 0.890000 -0.000000
3.110000 0.910000 -0.000000
3.110000 0.930000 -0.000000
3.110000 0.920000 -0.000000
3.110000 0.940000 -0.000000
3.110000 0.940000 -0.000000
3.101056 0.957889 -0.000000
3.092112 0.975777 -0.000000
3.100000 0.960000 -0.000000
3.100000 0.980000 -0.000000
3.100000 0.980000 -0.000000
3.091056 0.997889 -0.000000
3.082112 1.015777 -0.000000
3.090000 1.000000 -0.000000
3.090000 1.020000 -0.000000
3.090000 1.010000 -0.000000
3.090000 1.030000 -0.000000
3.090000 1.050000 -0.000000
3.090000 1.040000 -0.000000
3.075858 1.054142 -0.000000
3.080000 1.050000 -0.000000
3.080000 1.070000 -0.000000
3.080000 1.070000 -0.000000
3.080000 1.090000 -0.000000
3.080000 1.110000 -0.000000
3.080000 1.100000 -0.000000
3.071056 1.117889 -0.000000
3.062112 1.135777 -0.000000
3.070000 1.120000 -0.000000
3.070000 1.140000 -0.000000
3.070000 1.140000 -0.000000
3.070000 1.160000 -0.000000
3.070000 1.150000 -0.000000
3.070000 1.170000 -0.000000
3.070000 1.170000 -0.000000
3.070000 1.190000 -0.000000
3.070000 1.210000 -0.000000
3.070000 1.200000 -0.000000
3.055858 1.214142 -0.000000
3.060000 1.210000 -0.000000
3.060000 1.230000 -0.000000
3.060000 1.250000 -0.000000
3.060000 1.270000 -0.000000
3.060000 1.260000 -0.000000
3.060000 1.280000 -0.000000
3.060000 1.300000 -0.000000
3.060000 1.290000 -0.000000
3.060000 1.310000 -0.000000
3.060000 1.330000 -0.000000
3.060000 1.320000 -0.000000
3.060000 1.340000 -0.000000
3.060000 1.340000 -0.000000
3.060000 1.360000 -0.000000
3.060000 1.380000 -0.000000
3.060000 1.370000 -0.000000
3.060000 1.390000 -0.000000
3.060000 1.410000 -0.000000
3.060000 1.400000 -0.000000
3.060000 1.420000 -0.000000
3.060000 1.420000 -0.000000
3.060000 1.440000 -0.000000
3.060000 1.460000 -0.000000
3.060000 1.450000 -0.000000
3.060000 1.470000 -0.000000
3.060000 1.470000 -0.000000
3.060000 1.490000 -0.000000
3.060000 1.490000 -0.000000
3.060000 1.510000 -0.000000
3.060000 1.530000 -0.000000
3.060000 1.530000 -0.000000
3.060000 1.550000 -0.000000
3.060000 1.550000 -0.000000
3.060000 1.570000 -0.000000
3.060000 1.570000 -0.000000
3.066324 1.588974 -0.000000
3.072649 1.607947 -0.000000
3.070000 1.600000 -0.000000
3.070000 1.620000 -0.000000
3.070000 1.620000 -0.000000
3.084142 1.634142 -0.000000
3.080000 1.630000 -0.000000
3.080000 1.650000 -0.000000
3.080000 1.650000 -0.000000
3.088944 1.667889 -0.000000
3.097888 1.685777 -0.000000
3.090000 1.670000 -0.000000
3.090000 1.690000 -0.000000
3.090000 1.690000 -0.000000
3.098944 1.707888 -0.000000
3.107888 1.725777 -0.000000
3.100000 1.710000 -0.000000
3.108944 1.727888 -0.000000
3.117888 1.745777 -0.000000
3.110000 1.730000 -0.000000
3.118944 1.747888 -0.000000
3.127888 1.765777 -0.000000
3.120000 1.750000 -0.000000
3.123922 1.769612 -0.000000
3.127845 1.789223 -0.000000
3.131767 1.808835 -0.000000
3.130000 1.800000 -0.000000
3.138944 1.817888 -0.000000
3.147888 1.835777 -0.000000
3.140000 1.820000 -0.000000
3.140000 1.840000 -0.000000
3.140000 1.830000 -0.000000
3.154142 1.844142 -0.000000
3.150000 1.840000 -0.000000
3.150000 1.860000 -0.000000
3.150000 1.850000 -0.000000
3.150000 1.870000 -0.000000
3.150000 1.870000 -0.000000
3.164142 1.884142 -0.000000
3.160000 1.880000 -0.000000
3.166324 1.898974 -0.000000
3.172649 1.917947 -0.000000
3.170000 1.910000 -0.000000
3.178944 1.927889 -0.000000
3.187888 1.945777 -0.000000
3.180000 1.930000 -0.000000
3.180000 1.950000 -0.000000
3.180000 1.940000 -0.000000
3.186324 1.958974 -0.000000
3.192649 1.977947 -0.000000
3.198974 1.996921 -0.000000
3.205298 2.015895 -0.000000
3.200000 2.000000 -0.000000
3.200000 2.020000 -0.000000
3.200000 2.010000 -0.000000
3.206325 2.028974 -0.000000
3.212649 2.047947 -0.000000
3.210000 2.040000 -0.000000
3.224142 2.054142 -0.000000
3.220000 2.050000 -0.000000
3.220000 2.070000 -0.000000
3.220000 2.070000 -0.000000
3.234142 2.084142 -0.000000
3.230000 2.080000 -0.000000
3.230000 2.100000 -0.000000
3.230000 2.100000 -0.000000
3.230000 2.120000 -0.000000
3.230000 2.110000 -0.000000
3.241094 2.126641 -0.000000
3.252188 2.143282 -0.000000
3.250000 2.140000 -0.000000
3.250000 2.160000 -0.000000
3.250000 2.160000 -0.000000
3.264142 2.174142 -0.000000
3.260000 2.170000 -0.000000
3.260000 2.190000 -0.000000
3.260000 2.210000 -0.000000
3.260000 2.200000 -0.000000
3.260000 2.220000 -0.000000
3.260000 2.210000 -0.000000
3.260000 2.230000 -0.000000
3.260000 2.220000 -0.000000
3.260000 2.240000 -0.000000
3.260000 2.230000 -0.000000
3.268945 2.247889 -0.000000
3.277889 2.265777 -0.000000
3.270000 2.250000 -0.000000
3.270000 2.270000 -0.000000
3.270000 2.260000 -0.000000
3.270000 2.280000 -0.000000
3.270000 2.270000 -0.000000
3.270000 2.290000 -0.000000
3.270000 2.290000 -0.000000
3.270000 2.310000 -0.000000
3.270000 2.310000 -0.000000
3.270000 2.330000 -0.000000
3.270000 2.330000 -0.000000
3.278944 2.347888 -0.000000
3.287889 2.365777 -0.000000
3.280000 2.350000 -0.000000
3.280000 2.370000 -0.000000
3.280000 2.370000 -0.000000
3.280000 2.390000 -0.000000
3.280000 2.410000 -0.000000
3.280000 2.400000 -0.000000
3.280000 2.420000 -0.000000
3.280000 2.440000 -0.000000
3.280000 2.440000 -0.000000
3.280000 2.460000 -0.000000
3.280000 2.460000 -0.000000
3.280000 2.480000 -0.000000
3.280000 2.480000 -0.000000
3.280000 2.500000 -0.000000
3.280000 2.520000 -0.000000
3.280000 2.510000 -0.000000
3.280000 2.530000 -0.000000
3.280000 2.530000 -0.000000
3.280000 2.550000 -0.000000
3.280000 2.540000 -0.000000
3.280000 2.560000 -0.000000
3.280000 2.550000 -0.000000
3.280000 2.570000 -0.000000
3.280000 2.570000 -0.000000
3.271056 2.587888 -0.000000
3.262111 2.605777 -0.000000
3.270000 2.590000 -0.000000
3.261056 2.607888 -0.000000
3.252111 2.625777 -0.000000
3.260000 2.610000 -0.000000
3.260000 2.630000 -0.000000
3.260000 2.630000 -0.000000
3.251056 2.647888 -0.000000
3.242111 2.665777 -0.000000
3.250000 2.650000 -0.000000
3.241055 2.667888 -0.000000
3.232111 2.685777 -0.000000
3.240000 2.670000 -0.000000
3.231055 2.687888 -0.000000
3.222111 2.705777 -0.000000
3.230000 2.690000 -0.000000
3.221056 2.707889 -0.000000
3.212111 2.725777 -0.000000
3.220000 2.710000 -0.000000
3.205858 2.724142 -0.000000
3.191716 2.738284 -0.000000
3.200000 2.730000 -0.000000
3.191056 2.747889 -0.000000
3.182112 2.765777 -0.000000
3.190000 2.750000 -0.000000
3.181056 2.767889 -0.000000
3.172112 2.785777 -0.000000
3.180000 2.770000 -0.000000
3.165858 2.784142 -0.000000
3.151716 2.798284 -0.000000
3.160000 2.790000 -0.000000
3.148906 2.806641 -0.000000
3.137812 2.823282 -0.000000
3.140000 2.820000 -0.000000
3.140000 2.840000 -0.000000
3.140000 2.830000 -0.000000
3.125858 2.844142 -0.000000
3.111716 2.858284 -0.000000
3.120000 2.850000 -0.000000
3.105858 2.864142 -0.000000
3.110000 2.860000 -0.000000
3.095858 2.874142 -0.000000
3.100000 2.870000 -0.000000
3.085858 2.884142 -0.000000
3.071716 2.898284 -0.000000
3.080000 2.890000 -0.000000
3.065858 2.904142 -0.000000
3.070000 2.900000 -0.000000
3.055858 2.914142 -0.000000
3.060000 2.910000 -0.000000
3.045858 2.924142 -0.000000
3.031716 2.938284 -0.000000
3.040000 2.930000 -0.000000
3.022111 2.938944 -0.000000
3.004223 2.947888 -0.000000
3.020000 2.940000 -0.000000
3.005858 2.954142 -0.000000
3.010000 2.950000 -0.000000
2.995858 2.964142 -0.000000
3.000000 2.960000 -0.000000
2.985858 2.974142 -0.000000
2.990000 2.970000 -0.000000
2.970000 2.970000 -0.000000
2.980000 2.970000 -0.000000
2.965858 2.984142 -0.000000
2.970000 2.980000 -0.000000
2.955858 2.994142 -0.000000
2.960000 2.990000 -0.000000
2.940000 2.990000 -0.000000
2.950000 2.990000 -0.000000
2.935858 3.004142 -0.000000
2.940000 3.000000 -0.000000
2.925858 3.014142 -0.000000
2.930000 3.010000 -0.000000
2.915858 3.024142 -0.000000
2.920000 3.020000 -0.000000
2.905858 3.034142 -0.000000
2.910000 3.030000 -0.000000
2.890000 3.030000 -0.000000
2.900000 3.030000 -0.000000
2.885858 3.044142 -0.000000
2.890000 3.040000 -0.000000
2.881056 3.057889 -0.000000
2.872112 3.075777 -0.000000
2.880000 3.060000 -0.000000
2.865858 3.074142 -0.000000
2.870000 3.070000 -0.000000
2.870000 3.090000 -0.000000
2.870000 3.080000 -0.000000
2.855858 3.094142 -0.000000
2.860000 3.090000 -0.000000
2.860000 3.110000 -0.000000
2.860000 3.100000 -0.000000
2.860000 3.120000 -0.000000
2.860000 3.120000 -0.000000
2.845858 3.134142 -0.000000
2.850000 3.130000 -0.000000
2.850000 3.150000 -0.000000
2.850000 3.140000 -0.000000
2.850000 3.160000 -0.000000
2.850000 3.150000 -0.000000
2.858944 3.167888 -0.000000
2.867888 3.185777 -0.000000
2.860000 3.170000 -0.000000
2.860000 3.190000 -0.000000
2.860000 3.190000 -0.000000
2.860000 3.210000 -0.000000
2.860000 3.200000 -0.000000
2.868944 3.217889 -0.000000
2.877888 3.235777 -0.000000
2.870000 3.220000 -0.000000
2.870000 3.240000 -0.000000
2.870000 3.230000 -0.000000
2.870000 3.250000 -0.000000
2.870000 3.250000 -0.000000
2.870000 3.270000 -0.000000
2.870000 3.270000 -0.000000
2.870000 3.290000 -0.000000
2.870000 3.280000 -0.000000
2.890000 3.280000 -0.000000
2.880000 3.280000 -0.000000
2.880000 3.300000 -0.000000
2.880000 3.290000 -0.000000
2.880000 3.310000 -0.000000
2.880000 3.300000 -0.000000
2.888944 3.317888 -0.000000
2.897888 3.335777 -0.000000
2.890000 3.320000 -0.000000
2.898944 3.337888 -0.000000
2.907888 3.355777 -0.000000
2.900000 3.340000 -0.000000
2.914142 3.354142 -0.000000
2.910000 3.350000 -0.000000
2.910000 3.370000 -0.000000
2.910000 3.360000 -0.000000
2.910000 3.380000 -0.000000
2.910000 3.370000 -0.000000
2.924142 3.384142 -0.000000
2.920000 3.380000 -0.000000
2.920000 3.400000 -0.000000
2.920000 3.400000 -0.000000
2.934142 3.414142 -0.000000
2.930000 3.410000 -0.000000
2.938944 3.427888 -0.000000
2.947888 3.445777 -0.000000
2.940000 3.430000 -0.000000
2.954142 3.444142 -0.000000
2.950000 3.440000 -0.000000
2.964142 3.454142 -0.000000
2.960000 3.450000 -0.000000
2.968944 3.467889 -0.000000
2.977889 3.485777 -0.000000
2.970000 3.470000 -0.000000
2.978944 3.487889 -0.000000
2.987889 3.505777 -0.000000
2.980000 3.490000 -0.000000
2.980000 3.510000 -0.000000
2.980000 3.510000 -0.000000
2.994142 3.524142 -0.000000
2.990000 3.520000 -0.000000
2.990000 3.540000 -0.000000
2.990000 3.530000 -0.000000
3.004142 3.544142 -0.000000
3.000000 3.540000 -0.000000
3.000000 3.560000 -0.000000
3.000000 3.550000 -0.000000
3.000000 3.570000 -0.000000
3.000000 3.570000 -0.000000
3.000000 3.590000 -0.000000
3.000000 3.580000 -0.000000
2.980000 3.580000 -0.000000
2.990000 3.580000 0.000000

convex
0.754142 1.005858
0.750000 1.010000
0.764142 0.995858
0.760000 1.000000
0.772494 0.984383
0.784988 0.968765
0.797482 0.953148
0.809976 0.937531
0.800000 0.950000
0.808944 0.932111
0.817889 0.914223
0.826833 0.896334
0.820000 0.910000
0.831094 0.893359
0.842188 0.876718
0.840000 0.880000
0.854142 0.865858
0.850000 0.870000
0.861094 0.853359
0.872188 0.836718
0.870000 0.840000
0.884142 0.825858
0.880000 0.830000
0.900000 0.830000
0.890000 0.830000
0.910000 0.830000
0.900000 0.830000
0.900000 0.810000
0.900000 0.820000

0.890000 1.130000
0.890000 1.120000
0.910000 1.120000
0.900000 1.120000
0.900000 1.100000
0.900000 1.110000
0.914142 1.095858
0.910000 1.100000
0.920600 1.083040
0.931200 1.066080
0.941800 1.049120
0.952400 1.032160
0.963000 1.015200
0.960000 1.020000
0.968944 1.002111
0.977889 0.984223
0.986833 0.966334
0.980000 0.980000
0.991094 0.963359
1.002188 0.946718
1.000000 0.950000
1.014142 0.935858
1.028284 0.921716
1.020000 0.930000
1.037889 0.921056
1.055777 0.912111
1.040000 0.920000
1.054142 0.905858
1.050000 0.910000
1.070000 0.910000
1.060000 0.910000
1.080000 0.910000
1.070000 0.910000
1.070000 0.930000
1.070000 0.920000
1.050000 0.920000
1.060000 0.920000

1.074142 1.165858
1.088284 1.151716
1.080000 1.160000
1.091094 1.143359
1.102188 1.126718
1.100000 1.130000
1.110290 1.112850
1.120580 1.095700
1.130870 1.078550
1.130000 1.080000
1.138944 1.062111
1.147889 1.044223
1.156833 1.026334
1.150000 1.040000
1.158944 1.022111
1.167889 1.004223
1.176833 0.986334
1.170000 1.000000
1.184142 0.985858
1.198284 0.971716
1.190000 0.980000
1.204142 0.965858
1.200000 0.970000
1.220000 0.970000
1.210000 0.970000

0.980000 2.250000
0.990000 2.250000
0.990000 2.270000
0.990000 2.260000
0.978906 2.276641
0.967812 2.293282
0.970000 2.290000
0.955858 2.304142
0.960000 2.300000
0.960000 2.320000
0.960000 2.320000
0.953675 2.338974
0.947351 2.357947
0.950000 2.350000
0.941056 2.367888
0.932111 2.385777
0.940000 2.370000
0.940000 2.390000
0.940000 2.410000
0.940000 2.410000
0.940000 2.430000
0.940000 2.450000
0.940000 2.440000
0.940000 2.460000
0.940000 2.480000
0.940000 2.470000
0.940000 2.490000
0.940000 2.510000
0.940000 2.500000
0.940000 2.520000
0.940000 2.540000
0.940000 2.540000
0.940000 2.560000
0.940000 2.580000
0.940000 2.570000
0.944851 2.589403
0.949701 2.608806
0.954552 2.628209
0.950000 2.610000
0.954339 2.629524
0.958677 2.649048
0.963016 2.668571
0.967354 2.688095
0.971693 2.707619
0.970000 2.700000
0.978944 2.717889
0.987889 2.735777
0.996833 2.753666
0.990000 2.740000
0.998944 2.757889
1.007889 2.775777
1.016833 2.793666
1.010000 2.780000
1.020290 2.797150
1.030580 2.814300
1.040870 2.831450
1.040000 2.830000
1.052494 2.845617
1.064988 2.861235
1.077482 2.876852
1.089976 2.892469
1.080000 2.880000
1.092494 2.895617
1.104988 2.911235
1.117482 2.926852
1.129976 2.942470
1.120000 2.930000
1.136000 2.942000
1.152000 2.954000
1.168000 2.966000
1.160000 2.960000
1.176000 2.972000
1.192000 2.984000
1.208000 2.996000
1.200000 2.990000
1.217889 2.998944
1.235777 3.007889
1.220000 3.000000
1.234142 3.014142
1.230000 3.010000
1.230000 3.030000
1.230000 3.020000
1.210000 3.020000
1.220000 3.020000

2.070000 2.230000
2.070000 2.220000
2.070000 2.240000
2.070000 2.230000
2.070000 2.250000
2.070000 2.240000
2.061056 2.257889
2.052112 2.275777
2.060000 2.260000
2.053675 2.278974
2.047351 2.297947
2.050000 2.290000
2.041056 2.307889
2.032111 2.325777
2.040000 2.310000
2.040000 2.330000
2.040000 2.330000
2.031056 2.347888
2.022111 2.365777
2.030000 2.350000
2.030000 2.370000
2.030000 2.370000
2.021056 2.387888
2.012111 2.405777
2.020000 2.390000
2.020000 2.410000
2.020000 2.410000
2.020000 2.430000
2.020000 2.450000
2.020000 2.440000
2.011056 2.457889
2.002111 2.475777
2.010000 2.460000
2.010000 2.480000
2.010000 2.480000
2.010000 2.500000
2.010000 2.500000
2.010000 2.520000
2.010000 2.540000
2.010000 2.530000
2.003675 2.548974
1.997351 2.567947
2.000000 2.560000
2.000000 2.580000
2.000000 2.600000
2.000000 2.600000
2.000000 2.620000
2.000000 2.640000
2.000000 2.640000
2.000000 2.660000
2.000000 2.680000
2.000000 2.680000
2.000000 2.700000
2.000000 2.720000
2.000000 2.740000
2.000000 2.740000
2.002828 2.759799
2.005657 2.779598
2.008485 2.799397
2.011314 2.819196
2.010000 2.810000
2.016835 2.828796
2.023670 2.847592
2.030505 2.866388
2.037339 2.885183
2.044174 2.903980
2.051009 2.922775
2.050000 2.920000
2.058944 2.937888
2.067888 2.955777
2.076833 2.973666
2.070000 2.960000
2.070000 2.980000
2.070000 2.980000
2.070000 3.000000
2.070000 2.990000
2.055858 2.975858
2.060000 2.980000

2.910000 2.280000
2.910000 2.300000
2.910000 2.290000
2.910000 2.310000
2.910000 2.300000
2.910000 2.320000
2.910000 2.310000
2.910000 2.330000
2.910000 2.320000
2.910000 2.340000
2.910000 2.360000
2.910000 2.360000
2.910000 2.380000
2.910000 2.400000
2.910000 2.390000
2.910000 2.410000
2.910000 2.430000
2.910000 2.430000
2.910000 2.450000
2.910000 2.470000
2.910000 2.490000
2.910000 2.480000
2.905149 2.499403
2.900298 2.518806
2.895448 2.538209
2.900000 2.520000
2.896078 2.539612
2.892155 2.559223
2.888233 2.578835
2.890000 2.570000
2.882572 2.588570
2.875144 2.607139
2.867717 2.625709
2.870000 2.620000
2.866712 2.639728
2.863424 2.659456
2.860136 2.679184
2.856848 2.698911
2.860000 2.680000
2.852122 2.698383
2.844243 2.716766
2.836365 2.735149
2.828486 2.753531
2.830000 2.750000
2.825149 2.769403
2.820298 2.788806
2.815448 2.808209
2.820000 2.790000
2.810518 2.807610
2.801036 2.825219
2.791554 2.842828
2.782072 2.860438
2.772590 2.878047
2.763108 2.895656
2.753626 2.913266
2.744144 2.930875
2.750000 2.920000
2.740077 2.937365
2.730155 2.954730
2.720232 2.972095
2.710309 2.989460
2.700386 3.006824
2.710000 2.990000
2.698906 3.006641
2.687812 3.023282
2.690000 3.020000
2.675858 3.034142
2.680000 3.030000
2.700000 3.030000
2.690000 3.030000
2.690000 3.010000
2.690000 3.010000

0.770000 2.560000
0.760000 2.560000
0.778974 2.566324
0.797947 2.572649
0.790000 2.570000
0.808974 2.576324
0.827947 2.582649
0.820000 2.580000
0.839403 2.584851
0.858806 2.589702
0.878209 2.594552
0.860000 2.590000
0.879612 2.593922
0.899223 2.597845
0.918835 2.601767
0.910000 2.600000
0.929949 2.598575
0.949898 2.597150
0.969848 2.595725
0.989797 2.594300
1.009746 2.592875
1.029695 2.591450
1.049644 2.590025
1.069593 2.588600
1.050000 2.590000
1.069799 2.587172
1.089598 2.584343
1.109397 2.581515
1.129196 2.578686
1.120000 2.580000
1.137889 2.571056
1.155777 2.562112
1.173666 2.553167
1.160000 2.560000
1.174142 2.545858
1.170000 2.550000

1.880000 2.530000
1.880000 2.520000
1.880000 2.540000
1.880000 2.540000
1.894142 2.554142
1.908284 2.568284
1.922426 2.582427
1.920000 2.580000
1.937889 2.588944
1.955777 2.597888
1.973666 2.606833
1.991554 2.615777
2.009443 2.624721
2.000000 2.620000
2.019728 2.623288
2.039456 2.626576
2.059184 2.629864
2.078912 2.633152
2.060000 2.630000
2.080000 2.630000
2.100000 2.630000
2.120000 2.630000
2.140000 2.630000
2.160000 2.630000
2.150000 2.630000
2.170000 2.630000
2.190000 2.630000
2.190000 2.630000
2.209403 2.625149
2.228806 2.620298
2.248209 2.615448
2.230000 2.620000
2.230000 2.600000
2.230000 2.610000

2.690000 2.590000
2.690000 2.580000
2.707889 2.588944
2.725777 2.597888
2.710000 2.590000
2.729403 2.594851
2.748806 2.599702
2.768209 2.604552
2.750000 2.600000
2.769612 2.603922
2.789223 2.607845
2.808835 2.611767
2.828446 2.615689
2.848058 2.619612
2.867670 2.623534
2.850000 2.620000
2.869403 2.615149
2.888806 2.610298
2.908209 2.605448
2.927611 2.600597
2.947014 2.595747
2.966417 2.590896
2.985820 2.586045
3.005223 2.581194
3.024626 2.576344
3.044029 2.571493
3.063432 2.566642
3.050000 2.570000
3.068974 2.563676
3.087947 2.557351
3.080000 2.560000
3.080000 2.580000
3.080000 2.570000

1.104142 1.315858
1.100000 1.320000
1.120000 1.320000
1.110000 1.320000
1.130000 1.320000
1.120000 1.320000
1.138974 1.313675
1.157947 1.307351
1.176921 1.301026
1.195895 1.294702
1.180000 1.300000
1.199612 1.296078
1.219223 1.292155
1.238835 1.288233
1.230000 1.290000
1.249612 1.286078
1.269223 1.282155
1.288835 1.278233
1.280000 1.280000
1.298383 1.272122
1.316766 1.264243
1.335149 1.256365
1.353532 1.248487
1.350000 1.250000
1.369231 1.244506
1.388461 1.239011
1.407691 1.233517
1.426922 1.228022
1.420000 1.230000
1.439403 1.225149
1.458806 1.220299
1.478209 1.215448
1.460000 1.220000
1.480000 1.220000
1.500000 1.220000
1.500000 1.220000
1.519403 1.215149
1.538806 1.210299
1.558209 1.205448
1.540000 1.210000
1.560000 1.210000
1.580000 1.210000
1.600000 1.210000
1.590000 1.210000
1.610000 1.210000
1.630000 1.210000
1.620000 1.210000
1.640000 1.210000
1.660000 1.210000
1.660000 1.210000
1.680000 1.210000
1.700000 1.210000
1.700000 1.210000
1.717888 1.201056
1.735777 1.192111
1.720000 1.200000
1.740000 1.200000
1.760000 1.200000
1.750000 1.200000
1.770000 1.200000
1.790000 1.200000
1.790000 1.200000
1.810000 1.200000
1.810000 1.200000
1.830000 1.200000
1.820000 1.200000
1.838974 1.206325
1.857947 1.212649
1.850000 1.210000
1.870000 1.210000
1.890000 1.210000
1.880000 1.210000
1.897889 1.201056
1.915777 1.192111
1.900000 1.200000
1.920000 1.200000
1.940000 1.200000
1.930000 1.200000
1.950000 1.200000
1.940000 1.200000
1.959612 1.203922
1.979223 1.207845
1.998835 1.211767
1.990000 1.210000
2.010000 1.210000
2.030000 1.210000
2.020000 1.210000
2.040000 1.210000
2.060000 1.210000
2.050000 1.210000
2.070000 1.210000
2.090000 1.210000
2.080000 1.210000
2.100000 1.210000
2.120000 1.210000
2.110000 1.210000
2.130000 1.210000
2.150000 1.210000
2.140000 1.210000
2.160000 1.210000
2.180000 1.210000
2.170000 1.210000
2.190000 1.210000
2.190000 1.210000
2.210000 1.210000
2.230000 1.210000
2.230000 1.210000
2.250000 1.210000
2.270000 1.210000
2.270000 1.210000
2.290000 1.210000
2.310000 1.210000
2.330000 1.210000
2.350000 1.210000
2.340000 1.210000
2.359403 1.214851
2.378806 1.219701
2.398209 1.224552
2.380000 1.220000
2.398974 1.226325
2.417947 1.232649
2.410000 1.230000
2.430000 1.230000
2.450000 1.230000
2.440000 1.230000
2.460000 1.230000
2.480000 1.230000
2.470000 1.230000
2.490000 1.230000
2.510000 1.230000
2.500000 1.230000
2.519403 1.234851
2.538806 1.239702
2.558209 1.244552
2.540000 1.240000
2.560000 1.240000
2.580000 1.240000
2.570000 1.240000
2.590000 1.240000
2.610000 1.240000
2.610000 1.240000
2.629403 1.244851
2.648806 1.249701
2.668209 1.254552
2.650000 1.250000
2.670000 1.250000
2.690000 1.250000
2.680000 1.250000
2.700000 1.250000
2.720000 1.250000
2.720000 1.250000
2.737889 1.258944
2.755777 1.267889
2.740000 1.260000
2.758974 1.266325
2.777947 1.272649
2.770000 1.270000
2.787889 1.278944
2.805777 1.287889
2.790000 1.280000
2.810000 1.280000
2.810000 1.280000
2.830000 1.280000
2.820000 1.280000
2.838974 1.286325
2.857947 1.292649
2.850000 1.290000
2.870000 1.290000
2.870000 1.290000
2.884142 1.304142
2.880000 1.300000
2.900000 1.300000
2.890000 1.300000
2.910000 1.300000
2.900000 1.300000
2.880000 1.300000
2.890000 1.300000
2.875858 1.285858
2.880000 1.290000
2.860000 1.290000
2.870000 1.290000
2.855858 1.275858
2.860000 1.280000

1.370000 3.270000
1.380000 3.270000
1.400000 3.270000
1.390000 3.270000
1.406641 3.281094
1.423282 3.292188
1.420000 3.290000
1.439612 3.293922
1.459223 3.297845
1.478835 3.301767
1.470000 3.300000
1.487888 3.308944
1.505777 3.317888
1.523666 3.326833
1.510000 3.320000
1.529403 3.324851
1.548806 3.329701
1.568209 3.334552
1.550000 3.330000
1.567888 3.338944
1.585777 3.347888
1.570000 3.340000
1.589728 3.343288
1.609456 3.346576
1.629184 3.349864
1.648911 3.353152
1.630000 3.350000
1.650000 3.350000
1.670000 3.350000
1.660000 3.350000
1.679403 3.354851
1.698806 3.359702
1.718209 3.364552
1.700000 3.360000
1.719612 3.363922
1.739223 3.367845
1.758835 3.371767
1.750000 3.370000
1.770000 3.370000
1.790000 3.370000
1.790000 3.370000
1.809403 3.374851
1.828806 3.379702
1.848209 3.384552
1.830000 3.380000
1.850000 3.380000
1.870000 3.380000
1.870000 3.380000
1.890000 3.380000
1.890000 3.380000
1.909728 3.383288
1.929456 3.386576
1.949184 3.389864
1.968911 3.393152
1.950000 3.390000
1.970000 3.390000
1.990000 3.390000
1.980000 3.390000
2.000000 3.390000
2.020000 3.390000
2.020000 3.390000
2.038974 3.383676
2.057947 3.377351
2.050000 3.380000
2.070000 3.380000
2.090000 3.380000
2.090000 3.380000
2.110000 3.380000
2.130000 3.380000
2.120000 3.380000
2.140000 3.380000
2.160000 3.380000
2.150000 3.380000
2.170000 3.380000
2.190000 3.380000
2.180000 3.380000
2.200000 3.380000
2.220000 3.380000
2.210000 3.380000
2.230000 3.380000
2.230000 3.380000
2.250000 3.380000
2.270000 3.380000
2.290000 3.380000
2.290000 3.380000
2.310000 3.380000
2.300000 3.380000
2.318974 3.373676
2.337947 3.367351
2.330000 3.370000
2.350000 3.370000
2.340000 3.370000
2.360000 3.370000
2.360000 3.370000
2.380000 3.370000
2.380000 3.370000
2.400000 3.370000
2.400000 3.370000
2.417888 3.361056
2.435777 3.352112
2.420000 3.360000
2.437888 3.351056
2.455777 3.342112
2.440000 3.350000
2.460000 3.350000
2.480000 3.350000
2.500000 3.350000
2.490000 3.350000
2.504142 3.335858
2.500000 3.340000
2.520000 3.340000
2.540000 3.340000
2.530000 3.340000
2.550000 3.340000
2.550000 3.340000
2.570000 3.340000
2.590000 3.340000
2.580000 3.340000
2.600000 3.340000
2.600000 3.340000
2.620000 3.340000
2.640000 3.340000
2.630000 3.340000
2.644142 3.325858
2.640000 3.330000
2.660000 3.330000
2.680000 3.330000
2.670000 3.330000
2.690000 3.330000
2.680000 3.330000
2.694142 3.315858
2.690000 3.320000
2.710000 3.320000
2.710000 3.320000
2.727889 3.311056
2.745777 3.302112
2.730000 3.310000
2.747889 3.301056
2.765777 3.292111
2.750000 3.300000
2.750000 3.320000
2.750000 3.310000
2.735858 3.324142
2.740000 3.320000

concave
0.730000 0.880000
0.730000 0.880000
0.747889 0.888944
0.765777 0.897889
0.750000 0.890000
0.764142 0.904142
0.760000 0.900000
0.780000 0.900000
0.780000 0.900000
0.797889 0.908944
0.815777 0.917889
0.800000 0.910000
0.817889 0.918944
0.835777 0.927889
0.820000 0.920000
0.837889 0.928944
0.855777 0.937889
0.840000 0.930000
0.860000 0.930000
0.860000 0.930000
0.877889 0.938944
0.895777 0.947889
0.880000 0.940000
0.897889 0.948944
0.915777 0.957889
0.900000 0.950000
0.917889 0.958944
0.935777 0.967889
0.920000 0.960000
0.928944 0.977889
0.937889 0.995777
0.930000 0.980000
0.948974 0.986325
0.967947 0.992649
0.960000 0.990000
0.977889 0.998944
0.995777 1.007889
0.980000 1.000000
0.994142 1.014142
0.990000 1.010000
1.010000 1.010000
1.010000 1.010000
1.024142 1.024142
1.020000 1.020000
1.040000 1.020000
1.030000 1.020000
1.047889 1.028944
1.065777 1.037889
1.050000 1.030000
1.064142 1.044142
1.060000 1.040000
1.068944 1.057889
1.077889 1.075777
1.070000 1.060000
1.087889 1.068944
1.105777 1.077889
1.090000 1.070000
1.104142 1.084142
1.100000 1.080000
1.114142 1.094142
1.110000 1.090000
1.124142 1.104142
1.120000 1.100000
1.134142 1.114142
1.130000 1.110000
1.138944 1.127889
1.147889 1.145777
1.140000 1.130000
1.154142 1.144142
1.150000 1.140000
1.158944 1.157889
1.167889 1.175777
1.160000 1.160000
1.168944 1.177889
1.177889 1.195777
1.170000 1.180000
1.170000 1.200000
1.170000 1.190000
1.178944 1.207889
1.187889 1.225777
1.180000 1.210000
1.180000 1.230000
1.180000 1.230000
1.186325 1.248974
1.192649 1.267947
1.190000 1.260000
1.190000 1.280000
1.190000 1.270000
1.198944 1.287889
1.207889 1.305777
1.200000 1.290000
1.200000 1.310000
1.200000 1.300000
1.200000 1.320000
1.200000 1.320000
1.200000 1.340000
1.200000 1.340000
1.208944 1.357888
1.217889 1.375777
1.210000 1.360000
1.210000 1.380000
1.210000 1.400000
1.210000 1.420000
1.210000 1.410000
1.210000 1.430000
1.210000 1.430000
1.210000 1.450000
1.210000 1.470000
1.210000 1.460000
1.210000 1.480000
1.210000 1.470000
1.210000 1.490000
1.210000 1.510000
1.210000 1.510000
1.210000 1.530000
1.210000 1.530000
1.210000 1.550000
1.210000 1.550000
1.210000 1.570000
1.210000 1.570000
1.210000 1.590000
1.210000 1.610000
1.210000 1.600000
1.203676 1.618974
1.197351 1.637947
1.200000 1.630000
1.200000 1.650000
1.200000 1.670000
1.200000 1.660000
1.191056 1.677889
1.182111 1.695777
1.190000 1.680000
1.190000 1.700000
1.190000 1.720000
1.190000 1.710000
1.185149 1.729403
1.180299 1.748806
1.175448 1.768209
1.180000 1.750000
1.173675 1.768974
1.167351 1.787947
1.170000 1.780000
1.165149 1.799403
1.160299 1.818806
1.155448 1.838209
1.160000 1.820000
1.160000 1.840000
1.160000 1.860000
1.160000 1.860000
1.155149 1.879403
1.150299 1.898806
1.145448 1.918209
1.150000 1.900000
1.146078 1.919612
1.142155 1.939223
1.138233 1.958835
1.140000 1.950000
1.133675 1.968974
1.127351 1.987947
1.130000 1.980000
1.126078 1.999612
1.122155 2.019223
1.118233 2.038835
1.120000 2.030000
1.111056 2.047889
1.102111 2.065777
1.093167 2.083666
1.100000 2.070000
1.091056 2.087888
1.082111 2.105777
1.073167 2.123666
1.080000 2.110000
1.080000 2.130000
1.080000 2.130000
1.065858 2.144142
1.070000 2.140000
1.090000 2.140000
1.080000 2.140000

2.000000 1.150000
2.000000 1.140000
2.020000 1.140000
2.010000 1.140000
2.010000 1.160000
2.010000 1.160000
2.024142 1.174142
2.020000 1.170000
2.028944 1.187889
2.037889 1.205777
2.030000 1.190000
2.044142 1.204142
2.040000 1.200000
2.048944 1.217889
2.057889 1.235777
2.050000 1.220000
2.056325 1.238974
2.062649 1.257947
2.060000 1.250000
2.060000 1.270000
2.060000 1.270000
2.066325 1.288974
2.072649 1.307947
2.070000 1.300000
2.078944 1.317888
2.087888 1.335777
2.080000 1.320000
2.086325 1.338974
2.092649 1.357947
2.090000 1.350000
2.090000 1.370000
2.090000 1.390000
2.090000 1.380000
2.096325 1.398974
2.102649 1.417947
2.100000 1.410000
2.103922 1.429612
2.107845 1.449223
2.111767 1.468835
2.110000 1.460000
2.116325 1.478974
2.122649 1.497947
2.120000 1.490000
2.120000 1.510000
2.120000 1.510000
2.120000 1.530000
2.120000 1.520000
2.124851 1.539403
2.129701 1.558806
2.134552 1.578209
2.130000 1.560000
2.130000 1.580000
2.130000 1.580000
2.130000 1.600000
2.130000 1.600000
2.130000 1.620000
2.130000 1.640000
2.130000 1.630000
2.130000 1.650000
2.130000 1.650000
2.130000 1.670000
2.130000 1.690000
2.130000 1.680000
2.130000 1.700000
2.130000 1.720000
2.130000 1.710000
2.130000 1.730000
2.130000 1.750000
2.130000 1.740000
2.130000 1.760000
2.130000 1.780000
2.130000 1.770000
2.130000 1.790000
2.130000 1.810000
2.130000 1.800000
2.130000 1.820000
2.130000 1.840000
2.130000 1.840000
2.130000 1.860000
2.130000 1.880000
2.130000 1.880000
2.125149 1.899403
2.120299 1.918806
2.115448 1.938209
2.120000 1.920000
2.120000 1.940000
2.120000 1.960000
2.120000 1.980000
2.120000 1.970000
2.115149 1.989403
2.110299 2.008806
2.105448 2.028209
2.110000 2.010000
2.103675 2.028974
2.097351 2.047947
2.100000 2.040000
2.100000 2.060000
2.100000 2.060000
2.100000 2.080000
2.100000 2.070000
2.100000 2.090000
2.100000 2.080000
2.100000 2.100000
2.100000 2.090000

2.850000 1.160000
2.850000 1.150000
2.841056 1.167889
2.832112 1.185777
2.840000 1.170000
2.840000 1.190000
2.840000 1.210000
2.840000 1.210000
2.833676 1.228974
2.827351 1.247947
2.830000 1.240000
2.830000 1.260000
2.830000 1.280000
2.830000 1.280000
2.830000 1.300000
2.830000 1.320000
2.830000 1.320000
2.825149 1.339403
2.820298 1.358806
2.815448 1.378209
2.820000 1.360000
2.820000 1.380000
2.820000 1.400000
2.820000 1.400000
2.815149 1.419403
2.810298 1.438806
2.805448 1.458209
2.810000 1.440000
2.810000 1.460000
2.810000 1.480000
2.810000 1.470000
2.810000 1.490000
2.810000 1.510000
2.810000 1.510000
2.810000 1.530000
2.810000 1.550000
2.810000 1.540000
2.810000 1.560000
2.810000 1.580000
2.810000 1.580000
2.810000 1.600000
2.810000 1.620000
2.810000 1.610000
2.810000 1.630000
2.810000 1.650000
2.810000 1.640000
2.816324 1.658974
2.822649 1.677947
2.820000 1.670000
2.820000 1.690000
2.820000 1.710000
2.820000 1.700000
2.826324 1.718974
2.832649 1.737947
2.830000 1.730000
2.830000 1.750000
2.830000 1.770000
2.830000 1.760000
2.838944 1.777889
2.847888 1.795777
2.840000 1.780000
2.840000 1.800000
2.840000 1.800000
2.848944 1.817888
2.857888 1.835777
2.850000 1.820000
2.850000 1.840000
2.850000 1.840000
2.858944 1.857888
2.867888 1.875777
2.860000 1.860000
2.860000 1.880000
2.860000 1.880000
2.868944 1.897889
2.877888 1.915777
2.870000 1.900000
2.876324 1.918974
2.882649 1.937947
2.880000 1.930000
2.883288 1.949728
2.886576 1.969456
2.889864 1.989184
2.893152 2.008911
2.890000 1.990000
2.890000 2.010000
2.890000 2.030000
2.890000 2.020000
2.894851 2.039403
2.899702 2.058806
2.904552 2.078209
2.900000 2.060000
2.900000 2.080000
2.900000 2.100000
2.900000 2.090000
2.900000 2.110000
2.900000 2.100000
2.914142 2.114142
2.910000 2.110000
2.895858 2.095858
2.900000 2.100000

1.450000 1.390000
1.440000 1.390000
1.460000 1.390000
1.460000 1.390000
1.480000 1.390000
1.480000 1.390000
1.499918 1.388189
1.519836 1.386379
1.539754 1.384568
1.559672 1.382757
1.579589 1.380946
1.599507 1.379136
1.590000 1.380000
1.610000 1.380000
1.630000 1.380000
1.650000 1.380000
1.640000 1.380000
1.660000 1.380000
1.680000 1.380000
1.700000 1.380000
1.720000 1.380000
1.740000 1.380000
1.760000 1.380000
1.750000 1.380000
1.770000 1.380000
1.790000 1.380000
1.810000 1.380000
1.830000 1.380000
1.820000 1.380000
1.840000 1.380000
1.840000 1.380000
1.860000 1.380000
1.860000 1.380000
1.840000 1.380000
1.850000 1.380000
1.835858 1.394142
1.840000 1.390000

1.470000 1.650000
1.460000 1.650000
1.479403 1.654851
1.498806 1.659701
1.518209 1.664552
1.500000 1.660000
1.520000 1.660000
1.520000 1.660000
1.540000 1.660000
1.560000 1.660000
1.580000 1.660000
1.600000 1.660000
1.620000 1.660000
1.640000 1.660000
1.660000 1.660000
1.660000 1.660000
1.680000 1.660000
1.680000 1.660000
1.699612 1.663922
1.719223 1.667845
1.738835 1.671767
1.730000 1.670000
1.750000 1.670000
1.770000 1.670000
1.790000 1.670000
1.810000 1.670000
1.800000 1.670000
1.818974 1.676325
1.837947 1.682649
1.830000 1.680000
1.850000 1.680000
1.840000 1.680000
1.854142 1.694142
1.850000 1.690000
1.830000 1.690000
1.840000 1.690000
1.820000 1.690000
1.830000 1.690000

1.424142 1.974142
1.420000 1.970000
1.440000 1.970000
1.440000 1.970000
1.460000 1.970000
1.480000 1.970000
1.480000 1.970000
1.499403 1.974851
1.518806 1.979701
1.538209 1.984552
1.520000 1.980000
1.539918 1.978189
1.559836 1.976379
1.579754 1.974568
1.599671 1.972757
1.619589 1.970946
1.639507 1.969136
1.630000 1.970000
1.649612 1.966078
1.669223 1.962155
1.688835 1.958233
1.680000 1.960000
1.699941 1.958466
1.719882 1.956932
1.739823 1.955398
1.759764 1.953864
1.779706 1.952330
1.799647 1.950796
1.819588 1.949262
1.810000 1.950000
1.830000 1.950000
1.820000 1.950000
1.834142 1.964142
1.830000 1.960000
1.815858 1.945858
1.820000 1.950000

1.380000 2.260000
1.380000 2.260000
1.400000 2.260000
1.420000 2.260000
1.410000 2.260000
1.430000 2.260000
1.450000 2.260000
1.450000 2.260000
1.470000 2.260000
1.490000 2.260000
1.510000 2.260000
1.500000 2.260000
1.519612 2.256078
1.539223 2.252155
1.558835 2.248233
1.578447 2.244311
1.598058 2.240388
1.617670 2.236466
1.637281 2.232544
1.656893 2.228621
1.650000 2.230000
1.667889 2.221056
1.685777 2.212111
1.670000 2.220000
1.690000 2.220000
1.710000 2.220000
1.730000 2.220000
1.720000 2.220000
1.740000 2.220000
1.760000 2.220000
1.780000 2.220000
1.780000 2.220000
1.800000 2.220000
1.820000 2.220000
1.810000 2.220000
1.810000 2.240000
1.810000 2.240000
1.790000 2.240000
1.800000 2.240000

1.354142 2.524142
1.350000 2.520000
1.370000 2.520000
1.360000 2.520000
1.378974 2.526325
1.397947 2.532649
1.390000 2.530000
1.410000 2.530000
1.430000 2.530000
1.420000 2.530000
1.440000 2.530000
1.460000 2.530000
1.480000 2.530000
1.500000 2.530000
1.520000 2.530000
1.510000 2.530000
1.529612 2.526078
1.549223 2.522155
1.568835 2.518233
1.588446 2.514311
1.608058 2.510388
1.627670 2.506466
1.610000 2.510000
1.629846 2.507519
1.649691 2.505038
1.669537 2.502558
1.689382 2.500077
1.709228 2.497597
1.690000 2.500000
1.709612 2.496078
1.729223 2.492155
1.748835 2.488233
1.740000 2.490000
1.760000 2.490000
1.780000 2.490000
1.770000 2.490000
1.770000 2.510000
1.770000 2.500000
1.770000 2.520000
1.770000 2.510000
1.770000 2.530000
1.770000 2.520000
1.755858 2.534142
1.760000 2.530000

1.430000 2.750000
1.420000 2.750000
1.440000 2.750000
1.460000 2.750000
1.450000 2.750000
1.470000 2.750000
1.490000 2.750000
1.490000 2.750000
1.510000 2.750000
1.530000 2.750000
1.550000 2.750000
1.540000 2.750000
1.560000 2.750000
1.580000 2.750000
1.580000 2.750000
1.600000 2.750000
1.620000 2.750000
1.640000 2.750000
1.660000 2.750000
1.660000 2.750000
1.680000 2.750000
1.700000 2.750000
1.720000 2.750000
1.720000 2.750000
1.740000 2.750000
1.760000 2.750000
1.760000 2.750000
1.780000 2.750000
1.770000 2.750000
1.770000 2.770000
1.770000 2.760000

1.437889 2.968944
1.455777 2.977889
1.440000 2.970000
1.460000 2.970000
1.480000 2.970000
1.470000 2.970000
1.490000 2.970000
1.510000 2.970000
1.530000 2.970000
1.520000 2.970000
1.539403 2.965149
1.558806 2.960299
1.578209 2.955448
1.560000 2.960000
1.578462 2.952308
1.596923 2.944615
1.615385 2.936923
1.633846 2.929231
1.652308 2.921538
1.670769 2.913846
1.689231 2.906154
1.680000 2.910000
1.697888 2.901056
1.715777 2.892112
1.700000 2.900000
1.717888 2.891056
1.735777 2.882112
1.753666 2.873167
1.740000 2.880000
1.758569 2.872572
1.777139 2.865144
1.795709 2.857717
1.790000 2.860000
1.790000 2.880000
1.790000 2.870000
1.775858 2.884142
1.780000 2.880000

2.304142 1.384142
2.300000 1.380000
2.320000 1.380000
2.320000 1.380000
2.338383 1.387878
2.356766 1.395757
2.375149 1.403635
2.393532 1.411514
2.390000 1.410000
2.407888 1.418944
2.425777 1.427889
2.410000 1.420000
2.429403 1.424851
2.448806 1.429701
2.468209 1.434552
2.450000 1.430000
2.470000 1.430000
2.490000 1.430000
2.510000 1.430000
2.530000 1.430000
2.530000 1.430000
2.550000 1.430000
2.570000 1.430000
2.590000 1.430000
2.590000 1.430000
2.610000 1.430000
2.630000 1.430000
2.630000 1.430000
2.650000 1.430000
2.640000 1.430000
2.654142 1.444142
2.650000 1.440000
2.632112 1.448944
2.614223 1.457888
2.630000 1.450000

2.314142 1.714142
2.310000 1.710000
2.330000 1.710000
2.350000 1.710000
2.340000 1.710000
2.358974 1.716325
2.377947 1.722649
2.370000 1.720000
2.390000 1.720000
2.410000 1.720000
2.430000 1.720000
2.450000 1.720000
2.470000 1.720000
2.490000 1.720000
2.510000 1.720000
2.530000 1.720000
2.520000 1.720000
2.539403 1.715149
2.558806 1.710299
2.578209 1.705448
2.560000 1.710000
2.580000 1.710000
2.600000 1.710000
2.620000 1.710000
2.640000 1.710000
2.630000 1.710000
2.650000 1.710000
2.670000 1.710000
2.690000 1.710000
2.680000 1.710000
2.700000 1.710000
2.690000 1.710000
2.690000 1.730000
2.690000 1.720000
2.690000 1.740000
2.690000 1.730000

2.340000 2.000000
2.330000 2.000000
2.350000 2.000000
2.370000 2.000000
2.360000 2.000000
2.380000 2.000000
2.400000 2.000000
2.420000 2.000000
2.410000 2.000000
2.429931 1.998339
2.449862 1.996678
2.469793 1.995017
2.489724 1.993356
2.509655 1.991695
2.529586 1.990034
2.549516 1.988374
2.530000 1.990000
2.550000 1.990000
2.570000 1.990000
2.590000 1.990000
2.610000 1.990000
2.630000 1.990000
2.630000 1.990000
2.650000 1.990000
2.670000 1.990000
2.690000 1.990000
2.710000 1.990000
2.700000 1.990000
2.718974 1.996325
2.737947 2.002649
2.730000 2.000000
2.744142 2.014142
2.740000 2.010000
2.725858 2.024142
2.730000 2.020000

2.320000 2.270000
2.310000 2.270000
2.327888 2.278944
2.345777 2.287889
2.330000 2.280000
2.350000 2.280000
2.370000 2.280000
2.390000 2.280000
2.410000 2.280000
2.400000 2.280000
2.419931 2.278339
2.439862 2.276678
2.459793 2.275017
2.479724 2.273356
2.499655 2.271695
2.519586 2.270035
2.539516 2.268373
2.520000 2.270000
2.539728 2.266712
2.559456 2.263424
2.579184 2.260136
2.598912 2.256848
2.580000 2.260000
2.598974 2.253675
2.617947 2.247351
2.636921 2.241026
2.655895 2.234702
2.640000 2.240000
2.660000 2.240000
2.680000 2.240000
2.670000 2.240000
2.670000 2.260000
2.670000 2.250000
2.670000 2.270000
2.670000 2.260000
2.670000 2.280000
2.670000 2.270000
2.670000 2.290000
2.670000 2.280000

2.310000 2.520000
2.300000 2.520000
2.314142 2.534142
2.310000 2.530000
2.330000 2.530000
2.350000 2.530000
2.370000 2.530000
2.370000 2.530000
2.389901 2.528010
2.409801 2.526020
2.429702 2.524030
2.449603 2.522040
2.469504 2.520050
2.489404 2.518059
2.470000 2.520000
2.490000 2.520000
2.510000 2.520000
2.530000 2.520000
2.550000 2.520000
2.550000 2.520000
2.569728 2.516712
2.589456 2.513424
2.609184 2.510136
2.628911 2.506848
2.610000 2.510000
2.630000 2.510000
2.630000 2.510000
2.647888 2.518944
2.665777 2.527889
2.650000 2.520000

2.274142 2.744142
2.270000 2.740000
2.288974 2.746325
2.307947 2.752649
2.300000 2.750000
2.320000 2.750000
2.340000 2.750000
2.330000 2.750000
2.349949 2.748575
2.369898 2.747150
2.389848 2.745725
2.409797 2.744300
2.429746 2.742875
2.449695 2.741451
2.469644 2.740025
2.489593 2.738600
2.470000 2.740000
2.489403 2.735149
2.508806 2.730299
2.528209 2.725448
2.510000 2.730000
2.529231 2.724506
2.548461 2.719011
2.567691 2.713517
2.586922 2.708022
2.580000 2.710000
2.600000 2.710000
2.620000 2.710000
2.640000 2.710000
2.630000 2.710000
2.647888 2.718944
2.665777 2.727889
2.650000 2.720000
2.664142 2.734142
2.660000 2.730000
2.640000 2.730000
2.650000 2.730000
2.630000 2.730000
2.640000 2.730000

2.314142 3.014142
2.310000 3.010000
2.330000 3.010000
2.330000 3.010000
2.350000 3.010000
2.370000 3.010000
2.370000 3.010000
2.390000 3.010000
2.410000 3.010000
2.430000 3.010000
2.450000 3.010000
2.450000 3.010000
2.469524 3.005661
2.489048 3.001323
2.508571 2.996984
2.528095 2.992646
2.547619 2.988307
2.540000 2.990000
2.559612 2.986078
2.579223 2.982156
2.598835 2.978233
2.590000 2.980000
2.610000 2.980000
2.610000 2.980000

