boundary
1.139403 0.304851 -0.000000
1.158806 0.309701 -0.000000
1.178209 0.314552 -0.000000
1.160000 0.310000 -0.000000
1.180000 0.310000 -0.000000
1.170000 0.310000 -0.000000
1.190000 0.310000 -0.000000
1.190000 0.310000 -0.000000
1.210000 0.310000 -0.000000
1.230000 0.310000 -0.000000
1.220000 0.310000 -0.000000
1.240000 0.310000 -0.000000
1.230000 0.310000 -0.000000
1.250000 0.310000 -0.000000
1.270000 0.310000 -0.000000
1.270000 0.310000 -0.000000
1.290000 0.310000 -0.000000
1.290000 0.310000 -0.000000
1.310000 0.310000 -0.000000
1.300000 0.310000 -0.000000
1.320000 0.310000 -0.000000
1.320000 0.310000 -0.000000
1.340000 0.310000 -0.000000
1.340000 0.310000 -0.000000
1.360000 0.310000 -0.000000
1.350000 0.310000 -0.000000
1.367888 0.318944 -0.000000
1.385777 0.327889 -0.000000
1.370000 0.320000 -0.000000
1.390000 0.320000 -0.000000
1.410000 0.320000 -0.000000
1.400000 0.320000 -0.000000
1.420000 0.320000 -0.000000
1.410000 0.320000 -0.000000
1.430000 0.320000 -0.000000
1.430000 0.320000 -0.000000
1.450000 0.320000 -0.000000
1.440000 0.320000 -0.000000
1.460000 0.320000 -0.000000
1.460000 0.320000 -0.000000
1.480000 0.320000 -0.000000
1.500000 0.320000 -0.000000
1.490000 0.320000 -0.000000
1.510000 0.320000 -0.000000
1.510000 0.320000 -0.000000
1.530000 0.320000 -0.000000
1.550000 0.320000 -0.000000
1.540000 0.320000 -0.000000
1.560000 0.320000 -0.000000
1.550000 0.320000 -0.000000
1.570000 0.320000 -0.000000
1.590000 0.320000 -0.000000
1.580000 0.320000 -0.000000
1.600000 0.320000 -0.000000
1.620000 0.320000 -0.000000
1.620000 0.320000 -0.000000
1.640000 0.320000 -0.000000
1.640000 0.320000 -0.000000
1.660000 0.320000 -0.000000
1.680000 0.320000 -0.000000
1.670000 0.320000 -0.000000
1.690000 0.320000 -0.000000
1.690000 0.320000 -0.000000
1.710000 0.320000 -0.000000
1.730000 0.320000 -0.000000
1.720000 0.320000 -0.000000
1.740000 0.320000 -0.000000
1.730000 0.320000 -0.000000
1.750000 0.320000 -0.000000
1.770000 0.320000 -0.000000
1.770000 0.320000 -0.000000
1.784142 0.334142 -0.000000
1.780000 0.330000 -0.000000
1.800000 0.330000 -0.000000
1.820000 0.330000 -0.000000
1.810000 0.330000 -0.000000
1.830000 0.330000 -0.000000
1.820000 0.330000 -0.000000
1.840000 0.330000 -0.000000
1.860000 0.330000 -0.000000
1.880000 0.330000 -0.000000
1.880000 0.330000 -0.000000
1.900000 0.330000 -0.000000
1.920000 0.330000 -0.000000
1.940000 0.330000 -0.000000
1.940000 0.330000 -0.000000
1.960000 0.330000 -0.000000
1.950000 0.330000 -0.000000
1.970000 0.330000 -0.000000
1.990000 0.330000 -0.000000
1.990000 0.330000 -0.000000
2.010000 0.330000 -0.000000
2.030000 0.330000 -0.000000
2.030000 0.330000 -0.000000
2.050000 0.330000 -0.000000
2.050000 0.330000 -0.000000
2.070000 0.330000 -0.000000
2.090000 0.330000 -0.000000
2.110000 0.330000 -0.000000
2.110000 0.330000 -0.000000
2.130000 0.330000 -0.000000
2.130000 0.330000 -0.000000
2.149728 0.326712 -0.000000
2.169456 0.323424 -0.000000
2.189184 0.320136 -0.000000
2.208911 0.316848 -0.000000
2.190000 0.320000 -0.000000
2.210000 0.320000 -0.000000
2.210000 0.320000 -0.000000
2.230000 0.320000 -0.000000
2.250000 0.320000 -0.000000
2.270000 0.320000 -0.000000
2.290000 0.320000 -0.000000
2.290000 0.320000 -0.000000
2.310000 0.320000 -0.000000
2.330000 0.320000 -0.000000
2.350000 0.320000 -0.000000
2.370000 0.320000 -0.000000
2.360000 0.320000 -0.000000
2.380000 0.320000 -0.000000
2.400000 0.320000 -0.000000
2.420000 0.320000 -0.000000
2.420000 0.320000 -0.000000
2.440000 0.320000 -0.000000
2.460000 0.320000 -0.000000
2.480000 0.320000 -0.000000
2.470000 0.320000 -0.000000
2.490000 0.320000 -0.000000
2.480000 0.320000 -0.000000
2.499403 0.315149 -0.000000
2.518806 0.310299 -0.000000
2.538209 0.305448 -0.000000
2.520000 0.310000 -0.000000
2.540000 0.310000 -0.000000
2.530000 0.310000 -0.000000
2.510000 0.310000 -0.000000
2.510000 0.310000 -385185725133366198911631360.000000

contour
1.130000 0.100000 -0.000000
1.120000 0.100000 -0.000000
1.134142 0.114142 -0.000000
1.148284 0.128284 -0.000000
1.140000 0.120000 -0.000000
1.151094 0.136641 -0.000000
1.162188 0.153282 -0.000000
1.160000 0.150000 -0.000000
1.174142 0.164142 -0.000000
1.188284 0.178284 -0.000000
1.202426 0.192426 -0.000000
1.190000 0.180000 -0.000000
1.198944 0.197889 -0.000000
1.207889 0.215777 -0.000000
1.200000 0.200000 -0.000000
1.200000 0.220000 -0.000000
1.200000 0.220000 -0.000000
1.208944 0.237889 -0.000000
1.217889 0.255777 -0.000000
1.210000 0.240000 -0.000000
1.218944 0.257889 -0.000000
1.227889 0.275777 -0.000000
1.220000 0.260000 -0.000000
1.220000 0.280000 -0.000000
1.220000 0.270000 -0.000000
1.234142 0.284142 -0.000000
1.230000 0.280000 -0.000000
1.238944 0.297889 -0.000000
1.247889 0.315777 -0.000000
1.240000 0.300000 -0.000000
1.248944 0.317889 -0.000000
1.257889 0.335777 -0.000000
1.250000 0.320000 -0.000000
1.262000 0.336000 -0.000000
1.274000 0.352000 -0.000000
1.286000 0.368000 -0.000000
1.280000 0.360000 -0.000000
1.280000 0.380000 -0.000000
1.280000 0.370000 -0.000000
1.287428 0.388570 -0.000000
1.294856 0.407139 -0.000000
1.302284 0.425709 -0.000000
1.300000 0.420000 -0.000000
1.308944 0.437889 -0.000000
1.317888 0.455777 -0.000000
1.310000 0.440000 -0.000000
1.324142 0.454142 -0.000000
1.320000 0.450000 -0.000000
1.320000 0.470000 -0.000000
1.320000 0.460000 -0.000000
1.320000 0.480000 -0.000000
1.320000 0.470000 -0.000000
1.328944 0.487889 -0.000000
1.337888 0.505777 -0.000000
1.330000 0.490000 -0.000000
1.344142 0.504142 -0.000000
1.340000 0.500000 -0.000000
1.340000 0.520000 -0.000000
1.340000 0.510000 -0.000000
1.348944 0.527889 -0.000000
1.357888 0.545777 -0.000000
1.350000 0.530000 -0.000000
1.350000 0.550000 -0.000000
1.350000 0.540000 -0.000000
1.350000 0.560000 -0.000000
1.350000 0.560000 -0.000000
1.364142 0.574142 -0.000000
1.360000 0.570000 -0.000000
1.360000 0.590000 -0.000000
1.360000 0.580000 -0.000000
1.366325 0.598974 -0.000000
1.372649 0.617947 -0.000000
1.370000 0.610000 -0.000000
1.370000 0.630000 -0.000000
1.370000 0.620000 -0.000000
1.370000 0.640000 -0.000000
1.370000 0.640000 -0.000000
1.376325 0.658974 -0.000000
1.382649 0.677947 -0.000000
1.380000 0.670000 -0.000000
1.383922 0.689612 -0.000000
1.387845 0.709223 -0.000000
1.391767 0.728835 -0.000000
1.390000 0.720000 -0.000000
1.390000 0.740000 -0.000000
1.390000 0.760000 -0.000000
1.390000 0.750000 -0.000000
1.394851 0.769403 -0.000000
1.399701 0.788806 -0.000000
1.404552 0.808209 -0.000000
1.400000 0.790000 -0.000000
1.400000 0.810000 -0.000000
1.400000 0.830000 -0.000000
1.400000 0.820000 -0.000000
1.400000 0.840000 -0.000000
1.400000 0.840000 -0.000000
1.400000 0.860000 -0.000000
1.400000 0.880000 -0.000000
1.400000 0.900000 -0.000000
1.400000 0.890000 -0.000000
1.400000 0.910000 -0.000000
1.400000 0.930000 -0.000000
1.400000 0.930000 -0.000000
1.400000 0.950000 -0.000000
1.400000 0.970000 -0.000000
1.400000 0.960000 -0.000000
1.400000 0.980000 -0.000000
1.400000 0.980000 -0.000000
1.406325 0.998974 -0.000000
1.412649 1.017947 -0.000000
1.410000 1.010000 -0.000000
1.410000 1.030000 -0.000000
1.410000 1.030000 -0.000000
1.410000 1.050000 -0.000000
1.410000 1.050000 -0.000000
1.410000 1.070000 -0.000000
1.410000 1.090000 -0.000000
1.410000 1.080000 -0.000000
1.410000 1.100000 -0.000000
1.410000 1.100000 -0.000000
1.410000 1.120000 -0.000000
1.410000 1.140000 -0.000000
1.410000 1.130000 -0.000000
1.410000 1.150000 -0.000000
1.410000 1.170000 -0.000000
1.410000 1.170000 -0.000000
1.410000 1.190000 -0.000000
1.410000 1.190000 -0.000000
1.403675 1.208974 -0.000000
1.397351 1.227947 -0.000000
1.400000 1.220000 -0.000000
1.393675 1.238974 -0.000000
1.387351 1.257947 -0.000000
1.390000 1.250000 -0.000000
1.385149 1.269403 -0.000000
1.380299 1.288806 -0.000000
1.375448 1.308209 -0.000000
1.380000 1.290000 -0.000000
1.380000 1.310000 -0.000000
1.380000 1.300000 -0.000000
1.375149 1.319403 -0.000000
1.370299 1.338806 -0.000000
1.365448 1.358209 -0.000000
1.370000 1.340000 -0.000000
1.370000 1.360000 -0.000000
1.370000 1.380000 -0.000000
1.370000 1.380000 -0.000000
1.363675 1.398974 -0.000000
1.357351 1.417947 -0.000000
1.360000 1.410000 -0.000000
1.351056 1.427889 -0.000000
1.342111 1.445777 -0.000000
1.350000 1.430000 -0.000000
1.350000 1.450000 -0.000000
1.350000 1.440000 -0.000000
1.350000 1.460000 -0.000000
1.350000 1.450000 -0.000000
1.335858 1.464142 -0.000000
1.340000 1.460000 -0.000000
1.331056 1.477888 -0.000000
1.322111 1.495777 -0.000000
1.330000 1.480000 -0.000000
1.330000 1.500000 -0.000000
1.330000 1.490000 -0.000000
1.330000 1.510000 -0.000000
1.330000 1.500000 -0.000000
1.310000 1.500000 -0.000000
1.320000 1.500000 -0.000000
1.311056 1.517889 -0.000000
1.302112 1.535777 -0.000000
1.310000 1.520000 -0.000000
1.310000 1.540000 -0.000000
1.310000 1.530000 -0.000000
1.295858 1.544142 -0.000000
1.300000 1.540000 -0.000000
1.300000 1.560000 -0.000000
1.300000 1.550000 -0.000000
1.285858 1.564142 -0.000000
1.290000 1.560000 -0.000000
1.275858 1.574142 -0.000000
1.280000 1.570000 -0.000000
1.280000 1.590000 -0.000000
1.280000 1.580000 -0.000000
1.265858 1.594142 -0.000000
1.270000 1.590000 -0.000000
1.255858 1.604142 -0.000000
1.260000 1.600000 -0.000000
1.248906 1.616641 -0.000000
1.237812 1.633282 -0.000000
1.240000 1.630000 -0.000000
1.225858 1.644142 -0.000000
1.230000 1.640000 -0.000000
1.221056 1.657889 -0.000000
1.212111 1.675777 -0.000000
1.220000 1.660000 -0.000000
1.211056 1.677889 -0.000000
1.202111 1.695777 -0.000000
1.210000 1.680000 -0.000000
1.195858 1.694142 -0.000000
1.181716 1.708284 -0.000000
1.190000 1.700000 -0.000000
1.181056 1.717888 -0.000000
1.172111 1.735777 -0.000000
1.180000 1.720000 -0.000000
1.168906 1.736641 -0.000000
1.157812 1.753282 -0.000000
1.160000 1.750000 -0.000000
1.147506 1.765617 -0.000000
1.135012 1.781235 -0.000000
1.122518 1.796852 -0.000000
1.110024 1.812469 -0.000000
1.120000 1.800000 -0.000000
1.105858 1.814142 -0.000000
1.091716 1.828284 -0.000000
1.077574 1.842426 -0.000000
1.063432 1.856569 -0.000000
1.070000 1.850000 -0.000000
1.055858 1.864142 -0.000000
1.060000 1.860000 -0.000000
1.040000 1.860000 -0.000000
1.040000 1.860000 -0.000000
1.022111 1.868944 -0.000000
1.004223 1.877888 -0.000000
1.020000 1.870000 -0.000000
1.005858 1.884142 -0.000000
0.991716 1.898284 -0.000000
1.000000 1.890000 -0.000000
0.988000 1.906000 -0.000000
0.976000 1.922000 -0.000000
0.964000 1.938000 -0.000000
0.970000 1.930000 -0.000000
0.955858 1.944142 -0.000000
0.941716 1.958284 -0.000000
0.950000 1.950000 -0.000000
0.935858 1.964142 -0.000000
0.921716 1.978284 -0.000000
0.907574 1.992426 -0.000000
0.920000 1.980000 -0.000000
0.902111 1.988944 -0.000000
0.884223 1.997888 -0.000000
0.866334 2.006833 -0.000000
0.880000 2.000000 -0.000000
0.865858 2.014142 -0.000000
0.851716 2.028284 -0.000000
0.837574 2.042426 -0.000000
0.850000 2.030000 -0.000000
0.832111 2.038944 -0.000000
0.814223 2.047889 -0.000000
0.830000 2.040000 -0.000000
0.815858 2.054142 -0.000000
0.801716 2.068284 -0.000000
0.810000 2.060000 -0.000000
0.795858 2.074142 -0.000000
0.800000 2.070000 -0.000000
0.785858 2.084142 -0.000000
0.790000 2.080000 -0.000000
0.781056 2.097888 -0.000000
0.772111 2.115777 -0.000000
0.780000 2.100000 -0.000000
0.771056 2.117888 -0.000000
0.762111 2.135777 -0.000000
0.770000 2.120000 -0.000000
0.755858 2.134142 -0.000000
0.741716 2.148284 -0.000000
0.750000 2.140000 -0.000000
0.741056 2.157888 -0.000000
0.732111 2.175777 -0.000000
0.723167 2.193666 -0.000000
0.730000 2.180000 -0.000000
0.730000 2.200000 -0.000000
0.730000 2.190000 -0.000000
0.718906 2.206641 -0.000000
0.707812 2.223282 -0.000000
0.710000 2.220000 -0.000000
0.695858 2.234142 -0.000000
0.700000 2.230000 -0.000000
0.691056 2.247889 -0.000000
0.682111 2.265777 -0.000000
0.690000 2.250000 -0.000000
0.681056 2.267889 -0.000000
0.672111 2.285777 -0.000000
0.680000 2.270000 -0.000000
0.668906 2.286641 -0.000000
0.657812 2.303282 -0.000000
0.660000 2.300000 -0.000000
0.655149 2.319403 -0.000000
0.650299 2.338806 -0.000000
0.645448 2.358209 -0.000000
0.650000 2.340000 -0.000000
0.641056 2.357888 -0.000000
0.632111 2.375777 -0.000000
0.623167 2.393666 -0.000000
0.630000 2.380000 -0.000000
0.626078 2.399612 -0.000000
0.622155 2.419223 -0.000000
0.618233 2.438835 -0.000000
0.620000 2.430000 -0.000000
0.620000 2.450000 -0.000000
0.620000 2.470000 -0.000000
0.620000 2.460000 -0.000000
0.611056 2.477889 -0.000000
0.602111 2.495777 -0.000000
0.610000 2.480000 -0.000000
0.610000 2.500000 -0.000000
0.610000 2.520000 -0.000000
0.610000 2.520000 -0.000000
0.610000 2.540000 -0.000000
0.610000 2.540000 -0.000000
0.610000 2.560000 -0.000000
0.610000 2.580000 -0.000000
0.610000 2.570000 -0.000000
0.610000 2.590000 -0.000000
0.610000 2.610000 -0.000000
0.610000 2.600000 -0.000000
0.610000 2.620000 -0.000000
0.610000 2.640000 -0.000000
0.610000 2.630000 -0.000000
0.610000 2.650000 -0.000000
0.610000 2.650000 -0.000000
0.610000 2.670000 -0.000000
0.610000 2.690000 -0.000000
0.610000 2.680000 -0.000000
0.610000 2.700000 -0.000000
0.610000 2.720000 -0.000000
0.610000 2.710000 -0.000000
0.624142 2.724142 -0.000000
0.620000 2.720000 -0.000000
0.620000 2.740000 -0.000000
0.620000 2.730000 -0.000000
0.620000 2.750000 -0.000000
0.620000 2.740000 -0.000000
0.620000 2.760000 -0.000000
0.620000 2.760000 -0.000000
0.620000 2.780000 -0.000000
0.620000 2.800000 -0.000000
0.620000 2.800000 -0.000000
0.626325 2.818974 -0.000000
0.632649 2.837947 -0.000000
0.630000 2.830000 -0.000000
0.630000 2.850000 -0.000000
0.630000 2.850000 -0.000000
0.630000 2.870000 -0.000000
0.630000 2.860000 -0.000000
0.638944 2.877888 -0.000000
0.647889 2.895777 -0.000000
0.640000 2.880000 -0.000000
0.646325 2.898974 -0.000000
0.652649 2.917947 -0.000000
0.650000 2.910000 -0.000000
0.650000 2.930000 -0.000000
0.650000 2.930000 -0.000000
0.654851 2.949403 -0.000000
0.659701 2.968806 -0.000000
0.664552 2.988209 -0.000000
0.660000 2.970000 -0.000000
0.664851 2.989403 -0.000000
0.669701 3.008806 -0.000000
0.674552 3.028209 -0.000000
0.670000 3.010000 -0.000000
0.676325 3.028974 -0.000000
0.682649 3.047947 -0.000000
0.680000 3.040000 -0.000000
0.680000 3.060000 -0.000000
0.680000 3.060000 -0.000000
0.688944 3.077888 -0.000000
0.697889 3.095777 -0.000000
0.706833 3.113666 -0.000000
0.700000 3.100000 -0.000000
0.700000 3.120000 -0.000000
0.700000 3.140000 -0.000000
0.700000 3.130000 -0.000000
0.708944 3.147888 -0.000000
0.717889 3.165777 -0.000000
0.710000 3.150000 -0.000000
0.710000 3.170000 -0.000000
0.710000 3.160000 -0.000000
0.724142 3.174142 -0.000000
0.720000 3.170000 -0.000000
0.720000 3.190000 -0.000000
0.720000 3.190000 -0.000000
0.734142 3.204142 -0.000000
0.730000 3.200000 -0.000000
0.744142 3.214142 -0.000000
0.740000 3.210000 -0.000000
0.746325 3.228974 -0.000000
0.752649 3.247947 -0.000000
0.750000 3.240000 -0.000000
0.750000 3.260000 -0.000000
0.750000 3.260000 -0.000000
0.758944 3.277889 -0.000000
0.767889 3.295777 -0.000000
0.760000 3.280000 -0.000000
0.774142 3.294142 -0.000000
0.770000 3.290000 -0.000000
0.781094 3.306641 -0.000000
0.792188 3.323282 -0.000000
0.790000 3.320000 -0.000000
0.790000 3.340000 -0.000000
0.790000 3.330000 -0.000000
0.798944 3.347888 -0.000000
0.807889 3.365777 -0.000000
0.800000 3.350000 -0.000000
0.820000 3.350000 -0.000000
0.810000 3.350000 -0.000000
0.818944 3.367888 -0.000000
0.827889 3.385777 -0.000000
0.820000 3.370000 -0.000000
0.828944 3.387888 -0.000000
0.837889 3.405777 -0.000000
0.830000 3.390000 -0.000000
0.844142 3.404142 -0.000000
0.840000 3.400000 -0.000000
0.851094 3.416641 -0.000000
0.862188 3.433282 -0.000000
0.860000 3.430000 -0.000000
0.868944 3.447888 -0.000000
0.877889 3.465777 -0.000000
0.870000 3.450000 -0.000000
0.881094 3.466641 -0.000000
0.892188 3.483282 -0.000000
0.890000 3.480000 -0.000000
0.898944 3.497889 -0.000000
0.907889 3.515777 -0.000000
0.900000 3.500000 -0.000000
0.914142 3.514142 -0.000000
0.910000 3.510000 -0.000000
0.924142 3.524142 -0.000000
0.920000 3.520000 -0.000000
0.920000 3.540000 -0.000000
0.920000 3.530000 -0.000000
0.934142 3.544142 -0.000000
0.930000 3.540000 -0.000000
0.930000 3.560000 -0.000000
0.930000 3.550000 -0.000000
0.944142 3.564142 -0.000000
0.940000 3.560000 -0.000000
0.954142 3.574142 -0.000000
0.950000 3.570000 -0.000000
0.962000 3.586000 -0.000000
0.974000 3.602000 -0.000000
0.986000 3.618000 -0.000000
0.980000 3.610000 -0.000000
0.994142 3.624142 -0.000000
1.008284 3.638284 -0.000000
1.000000 3.630000 -0.000000
1.014142 3.644142 -0.000000
1.028284 3.658284 -0.000000
1.020000 3.650000 -0.000000
1.028944 3.667888 -0.000000
1.037889 3.685777 -0.000000
1.030000 3.670000 -0.000000
1.038944 3.687888 -0.000000
1.047889 3.705777 -0.000000
1.040000 3.690000 -0.000000
1.057889 3.698944 -0.000000
1.075777 3.707889 -0.000000
1.060000 3.700000 -0.000000
1.071094 3.716641 -0.000000
1.082188 3.733282 -0.000000
1.080000 3.730000 -0.000000
1.094142 3.744142 -0.000000
1.108284 3.758284 -0.000000
1.100000 3.750000 -0.000000
1.117889 3.758945 -0.000000
1.135777 3.767889 -0.000000
1.120000 3.760000 -0.000000
1.134142 3.774142 -0.000000
1.148284 3.788284 -0.000000
1.162426 3.802426 -0.000000
1.150000 3.790000 -0.000000
1.158944 3.807889 -0.000000
1.167889 3.825777 -0.000000
1.160000 3.810000 -0.000000
1.160000 3.830000 -0.000000
1.160000 3.820000 -0.000000
1.180000 3.820000 -0.000000
1.170000 3.820000 -0.000000
1.170000 3.840000 -0.000000
1.170000 3.830000 -0.000000
1.190000 3.830000 -0.000000
1.180000 3.830000 -0.000000
1.180000 3.850000 -0.000000
1.180000 3.840000 -0.000000
1.194142 3.854142 -0.000000
1.208284 3.868284 -0.000000
1.200000 3.860000 -0.000000
1.217889 3.868944 -0.000000
1.235777 3.877888 -0.000000
1.220000 3.870000 -0.000000
1.234142 3.884142 -0.000000
1.230000 3.880000 -0.000000
1.244142 3.894142 -0.000000
1.240000 3.890000 -0.000000
1.260000 3.890000 -0.000000
1.250000 3.890000 -0.000000
1.264142 3.904142 -0.000000
1.260000 3.900000 -0.000000
1.280000 3.900000 -0.000000
1.270000 3.900000 -0.000000
1.270000 3.920000 -0.000000
1.270000 3.910000 -0.000000
1.290000 3.910000 -0.000000
1.280000 3.910000 -0.000000
1.294142 3.924142 -0.000000
1.290000 3.920000 -0.000000
1.310000 3.920000 -0.000000
1.300000 3.920000 -0.000000
1.320000 3.920000 -0.000000
1.310000 3.920000 -0.000000
1.324142 3.934142 -0.000000
1.320000 3.930000 -0.000000
1.338974 3.936324 -0.000000
1.357947 3.942649 -0.000000
1.350000 3.940000 -0.000000
1.368974 3.946324 -0.000000
1.387947 3.952649 -0.000000
1.380000 3.950000 -0.000000
1.400000 3.950000 -0.000000
1.400000 3.950000 -0.000000
1.414142 3.964142 -0.000000
1.410000 3.960000 -0.000000
1.430000 3.960000 -0.000000
1.430000 3.960000 -0.000000
1.447888 3.968944 -0.000000
1.465777 3.977889 -0.000000
1.450000 3.970000 -0.000000
1.469403 3.974851 -0.000000
1.488806 3.979702 -0.000000
1.508209 3.984552 -0.000000
1.490000 3.980000 -0.000000
1.510000 3.980000 -0.000000
1.530000 3.980000 -0.000000
1.520000 3.980000 -0.000000
1.538974 3.986325 -0.000000
1.557947 3.992649 -0.000000
1.550000 3.990000 -0.000000
1.570000 3.990000 -0.000000
1.590000 3.990000 -0.000000
1.580000 3.990000 -0.000000
1.600000 3.990000 -0.000000
1.620000 3.990000 -0.000000
1.610000 3.990000 -0.000000
1.624142 4.004142 -0.000000
1.620000 4.000000 -0.000000
1.640000 4.000000 -0.000000
1.630000 4.000000 -0.000000
1.650000 4.000000 -0.000000
1.650000 4.000000 -0.000000
1.670000 4.000000 -0.000000
1.660000 4.000000 -0.000000
1.660000 4.020000 -0.000000
1.660000 4.010000 -0.000000
1.680000 4.010000 -0.000000
1.670000 4.010000 -0.000000
1.690000 4.010000 -0.000000
1.680000 4.010000 -0.000000
1.700000 4.010000 -0.000000
1.690000 4.010000 -0.000000
1.710000 4.010000 -0.000000
1.710000 4.010000 -0.000000
1.730000 4.010000 -0.000000
1.730000 4.010000 -0.000000
1.750000 4.010000 -0.000000
1.750000 4.010000 -0.000000
1.770000 4.010000 -0.000000
1.770000 4.010000 -0.000000
1.790000 4.010000 -0.000000
1.780000 4.010000 -0.000000
1.800000 4.010000 -0.000000
1.820000 4.010000 -0.000000
1.810000 4.010000 -0.000000
1.830000 4.010000 -0.000000
1.830000 4.010000 -0.000000
1.850000 4.010000 -0.000000
1.870000 4.010000 -0.000000
1.860000 4.010000 -0.000000
1.880000 4.010000 -0.000000
1.900000 4.010000 -0.000000
1.890000 4.010000 -0.000000
1.908974 4.003675 -0.000000
1.927947 3.997351 -0.000000
1.920000 4.000000 -0.000000
1.940000 4.000000 -0.000000
1.930000 4.000000 -0.000000
1.950000 4.000000 -0.000000
1.970000 4.000000 -0.000000
1.970000 4.000000 -0.000000
1.990000 4.000000 -0.000000
2.010000 4.000000 -0.000000
2.000000 4.000000 -0.000000
2.020000 4.000000 -0.000000
2.040000 4.000000 -0.000000
2.030000 4.000000 -0.000000
2.050000 4.000000 -0.000000
2.050000 4.000000 -0.000000
2.070000 4.000000 -0.000000
2.090000 4.000000 -0.000000
2.080000 4.000000 -0.000000
2.100000 4.000000 -0.000000
2.100000 4.000000 -0.000000
2.120000 4.000000 -0.000000
2.140000 4.000000 -0.000000
2.160000 4.000000 -0.000000
2.150000 4.000000 -0.000000
2.168974 3.993675 -0.000000
2.187947 3.987351 -0.000000
2.180000 3.990000 -0.000000
2.200000 3.990000 -0.000000
2.220000 3.990000 -0.000000
2.210000 3.990000 -0.000000
2.230000 3.990000 -0.000000
2.230000 3.990000 -0.000000
2.250000 3.990000 -0.000000
2.270000 3.990000 -0.000000
2.260000 3.990000 -0.000000
2.280000 3.990000 -0.000000
2.270000 3.990000 -0.000000
2.284142 3.975858 -0.000000
2.280000 3.980000 -0.000000
2.300000 3.980000 -0.000000
2.290000 3.980000 -0.000000
2.310000 3.980000 -0.000000
2.300000 3.980000 -0.000000
2.320000 3.980000 -0.000000
2.310000 3.980000 -0.000000
2.310000 3.960000 -0.000000
2.310000 3.970000 -0.000000
2.326641 3.958906 -0.000000
2.343282 3.947812 -0.000000
2.340000 3.950000 -0.000000
2.356641 3.938906 -0.000000
2.373282 3.927812 -0.000000
2.370000 3.930000 -0.000000
2.387150 3.919710 -0.000000
2.404300 3.909420 -0.000000
2.421450 3.899130 -0.000000
2.420000 3.900000 -0.000000
2.434142 3.885858 -0.000000
2.448284 3.871716 -0.000000
2.440000 3.880000 -0.000000
2.451094 3.863359 -0.000000
2.462188 3.846718 -0.000000
2.460000 3.850000 -0.000000
2.468944 3.832112 -0.000000
2.477889 3.814223 -0.000000
2.470000 3.830000 -0.000000
2.481094 3.813359 -0.000000
2.492188 3.796718 -0.000000
2.490000 3.800000 -0.000000
2.490000 3.780000 -0.000000
2.490000 3.790000 -0.000000
2.498944 3.772111 -0.000000
2.507889 3.754223 -0.000000
2.516833 3.736334 -0.000000
2.510000 3.750000 -0.000000
2.517428 3.731430 -0.000000
2.524856 3.712861 -0.000000
2.532284 3.694291 -0.000000
2.530000 3.700000 -0.000000
2.538944 3.682112 -0.000000
2.547889 3.664223 -0.000000
2.540000 3.680000 -0.000000
2.548944 3.662112 -0.000000
2.557889 3.644223 -0.000000
2.550000 3.660000 -0.000000
2.558944 3.642112 -0.000000
2.567888 3.624223 -0.000000
2.560000 3.640000 -0.000000
2.574142 3.625858 -0.000000
2.588284 3.611716 -0.000000
2.580000 3.620000 -0.000000
2.586324 3.601026 -0.000000
2.592649 3.582053 -0.000000
2.590000 3.590000 -0.000000
2.607888 3.581056 -0.000000
2.625777 3.572112 -0.000000
2.610000 3.580000 -0.000000
2.618944 3.562112 -0.000000
2.627888 3.544223 -0.000000
2.620000 3.560000 -0.000000
2.626324 3.541026 -0.000000
2.632649 3.522053 -0.000000
2.630000 3.530000 -0.000000
2.641094 3.513359 -0.000000
2.652188 3.496718 -0.000000
2.650000 3.500000 -0.000000
2.658944 3.482111 -0.000000
2.667888 3.464223 -0.000000
2.660000 3.480000 -0.000000
2.666324 3.461026 -0.000000
2.672649 3.442053 -0.000000
2.670000 3.450000 -0.000000
2.678944 3.432112 -0.000000
2.687888 3.414223 -0.000000
2.680000 3.430000 -0.000000
2.694142 3.415858 -0.000000
2.690000 3.420000 -0.000000
2.696324 3.401026 -0.000000
2.702649 3.382053 -0.000000
2.700000 3.390000 -0.000000
2.711094 3.373359 -0.000000
2.722188 3.356718 -0.000000
2.720000 3.360000 -0.000000
2.726325 3.341026 -0.000000
2.732649 3.322053 -0.000000
2.730000 3.330000 -0.000000
2.736325 3.311026 -0.000000
2.742649 3.292053 -0.000000
2.740000 3.300000 -0.000000
2.754142 3.285858 -0.000000
2.768284 3.271716 -0.000000
2.760000 3.280000 -0.000000
2.766325 3.261026 -0.000000
2.772649 3.242053 -0.000000
2.770000 3.250000 -0.000000
2.776325 3.231026 -0.000000
2.782649 3.212053 -0.000000
2.780000 3.220000 -0.000000
2.788944 3.202111 -0.000000
2.797889 3.184223 -0.000000
2.806833 3.166334 -0.000000
2.800000 3.180000 -0.000000
2.808944 3.162112 -0.000000
2.817888 3.144223 -0.000000
2.826833 3.126334 -0.000000
2.820000 3.140000 -0.000000
2.824851 3.120597 -0.000000
2.829701 3.101194 -0.000000
2.834552 3.081791 -0.000000
2.830000 3.100000 -0.000000
2.838944 3.082112 -0.000000
2.847888 3.064223 -0.000000
2.856833 3.046334 -0.000000
2.850000 3.060000 -0.000000
2.854851 3.040597 -0.000000
2.859702 3.021194 -0.000000
2.864552 3.001791 -0.000000
2.860000 3.020000 -0.000000
2.866324 3.001026 -0.000000
2.872649 2.982053 -0.000000
2.870000 2.990000 -0.000000
2.874851 2.970597 -0.000000
2.879702 2.951194 -0.000000
2.884552 2.931791 -0.000000
2.880000 2.950000 -0.000000
2.884851 2.930597 -0.000000
2.889702 2.911194 -0.000000
2.894552 2.891791 -0.000000
2.890000 2.910000 -0.000000
2.894851 2.890597 -0.000000
2.899702 2.871194 -0.000000
2.904552 2.851791 -0.000000
2.900000 2.870000 -0.000000
2.904851 2.850597 -0.000000
2.909702 2.831194 -0.000000
2.914552 2.811791 -0.000000
2.910000 2.830000 -0.000000
2.916324 2.811026 -0.000000
2.922649 2.792053 -0.000000
2.920000 2.800000 -0.000000
2.926324 2.781026 -0.000000
2.932649 2.762053 -0.000000
2.930000 2.770000 -0.000000
2.936324 2.751026 -0.000000
2.942649 2.732053 -0.000000
2.940000 2.740000 -0.000000
2.948944 2.722111 -0.000000
2.957889 2.704223 -0.000000
2.950000 2.720000 -0.000000
2.958944 2.702111 -0.000000
2.967889 2.684223 -0.000000
2.960000 2.700000 -0.000000
2.960000 2.680000 -0.000000
2.960000 2.680000 -0.000000
2.968944 2.662112 -0.000000
2.977889 2.644223 -0.000000
2.970000 2.660000 -0.000000
2.976325 2.641026 -0.000000
2.982649 2.622053 -0.000000
2.980000 2.630000 -0.000000
2.986325 2.611026 -0.000000
2.992649 2.592053 -0.000000
2.990000 2.600000 -0.000000
2.998944 2.582112 -0.000000
3.007889 2.564223 -0.000000
3.000000 2.580000 -0.000000
3.000000 2.560000 -0.000000
3.000000 2.560000 -0.000000
3.006325 2.541026 -0.000000
3.012649 2.522053 -0.000000
3.010000 2.530000 -0.000000
3.010000 2.510000 -0.000000
3.010000 2.510000 -0.000000
3.014851 2.490597 -0.000000
3.019701 2.471194 -0.000000
3.024552 2.451791 -0.000000
3.020000 2.470000 -0.000000
3.020000 2.450000 -0.000000
3.020000 2.430000 -0.000000
3.020000 2.440000 -0.000000
3.020000 2.420000 -0.000000
3.020000 2.420000 -0.000000
3.020000 2.400000 -0.000000
3.020000 2.400000 -0.000000
3.020000 2.380000 -0.000000
3.020000 2.360000 -0.000000
3.020000 2.370000 -0.000000
3.020000 2.350000 -0.000000
3.020000 2.330000 -0.000000
3.020000 2.340000 -0.000000
3.011056 2.322112 -0.000000
3.002111 2.304223 -0.000000
3.010000 2.320000 -0.000000
3.001056 2.302112 -0.000000
2.992111 2.284223 -0.000000
3.000000 2.300000 -0.000000
3.000000 2.280000 -0.000000
3.000000 2.290000 -0.000000
2.985858 2.275858 -0.000000
2.990000 2.280000 -0.000000
2.981055 2.262111 -0.000000
2.972111 2.244223 -0.000000
2.980000 2.260000 -0.000000
2.965858 2.245858 -0.000000
2.951716 2.231716 -0.000000
2.960000 2.240000 -0.000000
2.945858 2.225858 -0.000000
2.931716 2.211716 -0.000000
2.917573 2.197574 -0.000000
2.930000 2.210000 -0.000000
2.930000 2.190000 -0.000000
2.930000 2.200000 -0.000000
2.915858 2.185858 -0.000000
2.901716 2.171716 -0.000000
2.910000 2.180000 -0.000000
2.895858 2.165858 -0.000000
2.900000 2.170000 -0.000000
2.885858 2.155858 -0.000000
2.871716 2.141716 -0.000000
2.880000 2.150000 -0.000000
2.865858 2.135858 -0.000000
2.851716 2.121716 -0.000000
2.837574 2.107574 -0.000000
2.850000 2.120000 -0.000000
2.835858 2.105858 -0.000000
2.821716 2.091716 -0.000000
2.807574 2.077574 -0.000000
2.810000 2.080000 -0.000000
2.791026 2.073675 -0.000000
2.772053 2.067351 -0.000000
2.780000 2.070000 -0.000000
2.761026 2.063675 -0.000000
2.742053 2.057351 -0.000000
2.750000 2.060000 -0.000000
2.735858 2.045858 -0.000000
2.740000 2.050000 -0.000000
2.720000 2.050000 -0.000000
2.730000 2.050000 -0.000000
2.715858 2.035858 -0.000000
2.701716 2.021716 -0.000000
2.710000 2.030000 -0.000000
2.695858 2.015858 -0.000000
2.681716 2.001716 -0.000000
2.690000 2.010000 -0.000000
2.681056 1.992112 -0.000000
2.672112 1.974223 -0.000000
2.680000 1.990000 -0.000000
2.665858 1.975858 -0.000000
2.651716 1.961716 -0.000000
2.660000 1.970000 -0.000000
2.642112 1.961056 -0.000000
2.624223 1.952111 -0.000000
2.640000 1.960000 -0.000000
2.625858 1.945858 -0.000000
2.611716 1.931716 -0.000000
2.620000 1.940000 -0.000000
2.602112 1.931056 -0.000000
2.584223 1.922112 -0.000000
2.600000 1.930000 -0.000000
2.585858 1.915858 -0.000000
2.571716 1.901716 -0.000000
2.580000 1.910000 -0.000000
2.561026 1.903675 -0.000000
2.542053 1.897351 -0.000000
2.550000 1.900000 -0.000000
2.532111 1.891056 -0.000000
2.514223 1.882112 -0.000000
2.530000 1.890000 -0.000000
2.515858 1.875858 -0.000000
2.501716 1.861716 -0.000000
2.510000 1.870000 -0.000000
2.493359 1.858906 -0.000000
2.476718 1.847812 -0.000000
2.480000 1.850000 -0.000000
2.464000 1.838000 -0.000000
2.448000 1.826000 -0.000000
2.432000 1.814000 -0.000000
2.440000 1.820000 -0.000000
2.425858 1.805858 -0.000000
2.430000 1.810000 -0.000000
2.415858 1.795858 -0.000000
2.401716 1.781716 -0.000000
2.410000 1.790000 -0.000000
2.395858 1.775858 -0.000000
2.400000 1.780000 -0.000000
2.384000 1.768000 -0.000000
2.368000 1.756000 -0.000000
2.352000 1.744000 -0.000000
2.360000 1.750000 -0.000000
2.348000 1.734000 -0.000000
2.336000 1.718000 -0.000000
2.324000 1.702000 -0.000000
2.330000 1.710000 -0.000000
2.315858 1.695858 -0.000000
2.301716 1.681716 -0.000000
2.310000 1.690000 -0.000000
2.298906 1.673359 -0.000000
2.287812 1.656718 -0.000000
2.290000 1.660000 -0.000000
2.275858 1.645858 -0.000000
2.280000 1.650000 -0.000000
2.265858 1.635858 -0.000000
2.251716 1.621716 -0.000000
2.260000 1.630000 -0.000000
2.260000 1.610000 -0.000000
2.260000 1.620000 -0.000000
2.251056 1.602111 -0.000000
2.242111 1.584223 -0.000000
2.233167 1.566334 -0.000000
2.224223 1.548446 -0.000000
2.230000 1.560000 -0.000000
2.218906 1.543359 -0.000000
2.207812 1.526718 -0.000000
2.210000 1.530000 -0.000000
2.203675 1.511026 -0.000000
2.197351 1.492053 -0.000000
2.200000 1.500000 -0.000000
2.193675 1.481026 -0.000000
2.187351 1.462053 -0.000000
2.190000 1.470000 -0.000000
2.183675 1.451026 -0.000000
2.177351 1.432053 -0.000000
2.180000 1.440000 -0.000000
2.168906 1.423359 -0.000000
2.157812 1.406718 -0.000000
2.160000 1.410000 -0.000000
2.155149 1.390597 -0.000000
2.150299 1.371194 -0.000000
2.145448 1.351791 -0.000000
2.150000 1.370000 -0.000000
2.141056 1.352111 -0.000000
2.132112 1.334223 -0.000000
2.140000 1.350000 -0.000000
2.140000 1.330000 -0.000000
2.140000 1.330000 -0.000000
2.131056 1.312111 -0.000000
2.122112 1.294223 -0.000000
2.130000 1.310000 -0.000000
2.126078 1.290388 -0.000000
2.122155 1.270777 -0.000000
2.118233 1.251165 -0.000000
2.120000 1.260000 -0.000000
2.115149 1.240597 -0.000000
2.110299 1.221194 -0.000000
2.105448 1.201791 -0.000000
2.110000 1.220000 -0.000000
2.105149 1.200597 -0.000000
2.100299 1.181194 -0.000000
2.095448 1.161791 -0.000000
2.100000 1.180000 -0.000000
2.100000 1.160000 -0.000000
2.100000 1.160000 -0.000000
2.091056 1.142111 -0.000000
2.082112 1.124223 -0.000000
2.090000 1.140000 -0.000000
2.090000 1.120000 -0.000000
2.090000 1.130000 -0.000000
2.090000 1.110000 -0.000000
2.090000 1.090000 -0.000000
2.090000 1.090000 -0.000000
2.090000 1.070000 -0.000000
2.090000 1.050000 -0.000000
2.090000 1.030000 -0.000000
2.090000 1.030000 -0.000000
2.090000 1.010000 -0.000000
2.090000 0.990000 -0.000000
2.090000 1.000000 -0.000000
2.090000 0.980000 -0.000000
2.090000 0.960000 -0.000000
2.090000 0.960000 -0.000000
2.090000 0.940000 -0.000000
2.090000 0.920000 -0.000000
2.090000 0.920000 -0.000000
2.090000 0.900000 -0.000000
2.090000 0.880000 -0.000000
2.090000 0.880000 -0.000000
2.090000 0.860000 -0.000000
2.090000 0.840000 -0.000000
2.090000 0.820000 -0.000000
2.090000 0.830000 -0.000000
2.094851 0.810597 -0.000000
2.099701 0.791194 -0.000000
2.104552 0.771791 -0.000000
2.100000 0.790000 -0.000000
2.100000 0.770000 -0.000000
2.100000 0.780000 -0.000000
2.100000 0.760000 -0.000000
2.100000 0.740000 -0.000000
2.100000 0.740000 -0.000000
2.104851 0.720597 -0.000000
2.109701 0.701194 -0.000000
2.114552 0.681791 -0.000000
2.110000 0.700000 -0.000000
2.115494 0.680770 -0.000000
2.120989 0.661539 -0.000000
2.126483 0.642309 -0.000000
2.131978 0.623078 -0.000000
2.130000 0.630000 -0.000000
2.134851 0.610597 -0.000000
2.139701 0.591194 -0.000000
2.144552 0.571791 -0.000000
2.140000 0.590000 -0.000000
2.147428 0.571430 -0.000000
2.154856 0.552861 -0.000000
2.162283 0.534291 -0.000000
2.160000 0.540000 -0.000000
2.171094 0.523359 -0.000000
2.182188 0.506718 -0.000000
2.180000 0.510000 -0.000000
2.187428 0.491430 -0.000000
2.194856 0.472861 -0.000000
2.202283 0.454291 -0.000000
2.200000 0.460000 -0.000000
2.207878 0.441617 -0.000000
2.215757 0.423234 -0.000000
2.223635 0.404851 -0.000000
2.231514 0.386468 -0.000000
2.230000 0.390000 -0.000000
2.234851 0.370597 -0.000000
2.239701 0.351194 -0.000000
2.244552 0.331791 -0.000000
2.240000 0.350000 -0.000000
2.254142 0.335858 -0.000000
2.250000 0.340000 -0.000000
2.256325 0.321026 -0.000000
2.262649 0.302053 -0.000000
2.260000 0.310000 -0.000000
2.271094 0.293359 -0.000000
2.282188 0.276718 -0.000000
2.280000 0.280000 -0.000000
2.291094 0.263359 -0.000000
2.302188 0.246718 -0.000000
2.300000 0.250000 -0.000000
2.311094 0.233359 -0.000000
2.322188 0.216718 -0.000000
2.320000 0.220000 -0.000000
2.328944 0.202111 -0.000000
2.337888 0.184223 -0.000000
2.330000 0.200000 -0.000000
2.344142 0.185858 -0.000000
2.340000 0.190000 -0.000000
2.354142 0.175858 -0.000000
2.368284 0.161716 -0.000000
2.382427 0.147574 -0.000000
2.396569 0.133431 -0.000000
2.390000 0.140000 -0.000000
2.404142 0.125858 -0.000000
2.418284 0.111716 -0.000000
2.410000 0.120000 -0.000000
2.418944 0.102111 -0.000000
2.427888 0.084223 -0.000000
2.420000 0.100000 -0.000000
2.440000 0.100000 -0.000000
2.430000 0.100000 -0.000000
2.444142 0.085858 -0.000000
2.440000 0.090000 -0.000000
2.454142 0.075858 -0.000000
2.450000 0.080000 -0.000000
2.466641 0.068906 -0.000000
2.483282 0.057812 -0.000000
2.480000 0.060000 -0.000000
2.488944 0.042111 -0.000000
2.497889 0.024223 -0.000000
2.490000 0.040000 -0.000000
2.498944 0.022111 -0.000000
2.507889 0.004223 -0.000000
2.500000 0.020000 -0.000000
2.520000 0.020000 -0.000000
2.510000 0.020000 -0.000000
2.501056 0.037889 -0.000000
2.492111 0.055777 -0.000000
2.500000 0.040000 -0.000000
2.493675 0.058974 -0.000000
2.487351 0.077947 -0.000000
2.490000 0.070000 0.000000

convex
1.710000 1.770000
1.710000 1.760000
1.710000 1.780000
1.710000 1.770000
1.710000 1.790000
1.710000 1.810000
1.710000 1.800000
1.710000 1.820000
1.710000 1.820000
1.710000 1.840000
1.710000 1.840000
1.710000 1.860000
1.710000 1.860000
1.710000 1.880000
1.710000 1.880000
1.710000 1.900000
1.710000 1.920000
1.710000 1.910000
1.710000 1.930000
1.710000 1.950000
1.710000 1.940000
1.710000 1.960000
1.710000 1.960000
1.710000 1.980000
1.710000 1.980000
1.710000 2.000000
1.710000 1.990000
1.710000 2.010000
1.710000 2.030000
1.710000 2.030000
1.710000 2.050000
1.710000 2.050000
1.710000 2.070000
1.710000 2.090000
1.710000 2.110000
1.710000 2.100000
1.710000 2.120000
1.710000 2.110000
1.710000 2.130000
1.710000 2.150000
1.710000 2.140000
1.710000 2.160000
1.710000 2.180000
1.710000 2.170000
1.710000 2.190000
1.710000 2.210000
1.710000 2.200000
1.710000 2.220000
1.710000 2.220000
1.710000 2.240000
1.710000 2.260000
1.710000 2.250000
1.710000 2.270000
1.710000 2.270000
1.710000 2.290000
1.710000 2.310000
1.710000 2.300000
1.710000 2.320000
1.710000 2.340000
1.710000 2.330000
1.710000 2.350000
1.710000 2.350000
1.710000 2.370000
1.710000 2.370000
1.710000 2.390000
1.710000 2.390000
1.710000 2.410000
1.710000 2.430000
1.710000 2.420000
1.703675 2.438974
1.697351 2.457947
1.700000 2.450000
1.700000 2.470000
1.700000 2.490000
1.700000 2.480000
1.700000 2.500000
1.700000 2.520000
1.700000 2.510000
1.708944 2.527889
1.717888 2.545777
1.710000 2.530000
1.710000 2.550000
1.710000 2.570000
1.710000 2.560000
1.710000 2.580000
1.710000 2.570000
1.710000 2.590000
1.710000 2.610000
1.710000 2.610000
1.710000 2.630000
1.710000 2.630000
1.710000 2.650000
1.710000 2.670000
1.710000 2.660000
1.718944 2.677888
1.727888 2.695777
1.720000 2.680000
1.720000 2.700000
1.720000 2.720000
1.720000 2.710000
1.720000 2.730000
1.720000 2.730000
1.720000 2.750000
1.720000 2.770000
1.720000 2.760000
1.720000 2.780000
1.720000 2.800000
1.720000 2.800000
1.720000 2.820000
1.720000 2.840000
1.720000 2.830000
1.720000 2.850000
1.720000 2.870000
1.720000 2.860000
1.720000 2.880000
1.720000 2.900000
1.720000 2.890000
1.720000 2.910000
1.720000 2.910000
1.720000 2.930000
1.720000 2.930000
1.720000 2.950000
1.720000 2.970000
1.720000 2.960000
1.720000 2.980000
1.720000 2.980000
1.720000 3.000000
1.720000 3.020000
1.720000 3.010000
1.720000 3.030000
1.720000 3.020000
1.720000 3.040000
1.720000 3.040000
1.720000 3.060000
1.720000 3.050000
1.720000 3.070000
1.720000 3.070000
1.720000 3.090000
1.720000 3.090000
1.720000 3.110000
1.720000 3.110000
1.720000 3.130000
1.720000 3.120000
1.720000 3.140000
1.720000 3.130000
1.720000 3.150000
1.720000 3.150000
1.720000 3.170000
1.720000 3.170000
1.720000 3.190000
1.720000 3.210000
1.720000 3.200000
1.720000 3.220000
1.720000 3.220000
1.728944 3.237889
1.737888 3.255777
1.730000 3.240000
1.730000 3.260000
1.730000 3.250000
1.730000 3.270000
1.730000 3.290000
1.730000 3.290000
1.730000 3.310000
1.730000 3.310000
1.730000 3.330000
1.730000 3.330000
1.730000 3.350000
1.730000 3.340000
1.730000 3.360000
1.730000 3.350000
1.730000 3.370000
1.730000 3.390000
1.730000 3.380000
1.730000 3.400000
1.730000 3.400000
1.730000 3.420000
1.730000 3.410000
1.750000 3.410000
1.740000 3.410000
1.740000 3.430000
1.740000 3.430000
1.740000 3.450000
1.740000 3.450000
1.740000 3.470000
1.740000 3.490000
1.740000 3.480000
1.740000 3.500000
1.740000 3.500000
1.740000 3.520000
1.740000 3.520000
1.740000 3.540000
1.740000 3.560000
1.740000 3.550000
1.740000 3.570000
1.740000 3.570000
1.740000 3.590000
1.740000 3.610000
1.740000 3.600000
1.748944 3.617888
1.757888 3.635777
1.750000 3.620000
1.750000 3.640000
1.750000 3.640000
1.750000 3.660000
1.750000 3.680000
1.750000 3.670000
1.750000 3.690000
1.750000 3.710000
1.750000 3.700000
1.750000 3.720000
1.750000 3.710000
1.756325 3.728974
1.762649 3.747947
1.760000 3.740000
1.760000 3.760000
1.760000 3.780000
1.760000 3.770000
1.760000 3.790000
1.760000 3.810000
1.760000 3.810000
1.766325 3.828974
1.772649 3.847947
1.770000 3.840000
1.770000 3.860000
1.770000 3.850000
1.770000 3.870000
1.770000 3.870000
1.770000 3.850000
1.770000 3.860000
1.770000 3.840000
1.770000 3.850000

1.230000 2.080000
1.230000 2.090000
1.210000 2.090000
1.220000 2.090000
1.205858 2.104142
1.191716 2.118284
1.177574 2.132427
1.163432 2.146569
1.149289 2.160711
1.160000 2.150000
1.154506 2.169230
1.149011 2.188461
1.143517 2.207691
1.138022 2.226922
1.140000 2.220000
1.133675 2.238974
1.127351 2.257947
1.121026 2.276921
1.114702 2.295895
1.120000 2.280000
1.105858 2.294142
1.110000 2.290000
1.105149 2.309403
1.100299 2.328806
1.095448 2.348209
1.100000 2.330000
1.095149 2.349403
1.090299 2.368806
1.085448 2.388209
1.090000 2.370000
1.087519 2.389846
1.085039 2.409691
1.082558 2.429537
1.080077 2.449382
1.077597 2.469228
1.080000 2.450000
1.076078 2.469612
1.072155 2.489223
1.068233 2.508835
1.070000 2.500000
1.067172 2.519799
1.064343 2.539598
1.061515 2.559397
1.058686 2.579196
1.060000 2.570000
1.060000 2.590000
1.060000 2.610000
1.060000 2.630000
1.060000 2.650000
1.060000 2.640000
1.060000 2.660000
1.060000 2.680000
1.060000 2.700000
1.060000 2.690000
1.060000 2.710000
1.060000 2.730000
1.060000 2.750000
1.060000 2.750000
1.060000 2.770000
1.060000 2.790000
1.060000 2.780000
1.060000 2.800000
1.060000 2.820000
1.060000 2.840000
1.060000 2.840000
1.060000 2.860000
1.060000 2.880000
1.060000 2.900000
1.060000 2.900000
1.060000 2.920000
1.060000 2.940000
1.060000 2.940000
1.060000 2.960000
1.060000 2.980000
1.060000 2.970000
1.060000 2.990000
1.060000 3.010000
1.060000 3.000000
1.061990 3.019901
1.063980 3.039802
1.065970 3.059702
1.067960 3.079603
1.069950 3.099504
1.071940 3.119405
1.070000 3.100000
1.073288 3.119728
1.076576 3.139456
1.079864 3.159184
1.083152 3.178911
1.080000 3.160000
1.083922 3.179611
1.087845 3.199223
1.091767 3.218835
1.090000 3.210000
1.093922 3.229611
1.097845 3.249223
1.101767 3.268835
1.100000 3.260000
1.106325 3.278974
1.112649 3.297947
1.110000 3.290000
1.124142 3.304142
1.120000 3.300000
1.123288 3.319728
1.126576 3.339456
1.129864 3.359184
1.133152 3.378911
1.130000 3.360000
1.135747 3.379157
1.141494 3.398313
1.147241 3.417470
1.152988 3.436626
1.158735 3.455783
1.164482 3.474939
1.160000 3.460000
1.167878 3.478383
1.175757 3.496766
1.183635 3.515149
1.191514 3.533531
1.190000 3.530000
1.199577 3.547558
1.209154 3.565116
1.218731 3.582674
1.228308 3.600232
1.237885 3.617790
1.247462 3.635348
1.257039 3.652905
1.250000 3.640000
1.264142 3.654142
1.260000 3.650000
1.269923 3.667365
1.279846 3.684730
1.289768 3.702095
1.299691 3.719460
1.309614 3.736824
1.300000 3.720000
1.311094 3.736641
1.322188 3.753282
1.333282 3.769923
1.344376 3.786564
1.340000 3.780000
1.357888 3.788944
1.375777 3.797889
1.360000 3.790000
1.360000 3.770000
1.360000 3.780000

2.250000 1.950000
2.250000 1.960000
2.250000 1.980000
2.250000 1.970000
2.256325 1.988974
2.262649 2.007947
2.260000 2.000000
2.260000 2.020000
2.260000 2.010000
2.266325 2.028974
2.272649 2.047947
2.270000 2.040000
2.278944 2.057889
2.287889 2.075777
2.296833 2.093666
2.290000 2.080000
2.297428 2.098569
2.304856 2.117139
2.312284 2.135709
2.310000 2.130000
2.317428 2.148570
2.324856 2.167139
2.332283 2.185709
2.339711 2.204278
2.347139 2.222848
2.354567 2.241417
2.350000 2.230000
2.350000 2.250000
2.350000 2.250000
2.358944 2.267889
2.367888 2.285777
2.360000 2.270000
2.367428 2.288569
2.374856 2.307139
2.382283 2.325709
2.389711 2.344278
2.397139 2.362848
2.404567 2.381417
2.400000 2.370000
2.406325 2.388974
2.412649 2.407947
2.410000 2.400000
2.413041 2.419767
2.416082 2.439535
2.419123 2.459302
2.422165 2.479070
2.425206 2.498837
2.428247 2.518605
2.431288 2.538372
2.430000 2.530000
2.433288 2.549728
2.436576 2.569456
2.439864 2.589184
2.443152 2.608912
2.440000 2.590000
2.443922 2.609612
2.447845 2.629223
2.451767 2.648835
2.455689 2.668446
2.459612 2.688058
2.463534 2.707670
2.460000 2.690000
2.460000 2.710000
2.460000 2.730000
2.460000 2.750000
2.460000 2.770000
2.460000 2.760000
2.460000 2.780000
2.460000 2.800000
2.460000 2.800000
2.461425 2.819949
2.462850 2.839898
2.464275 2.859847
2.465700 2.879797
2.467125 2.899746
2.468550 2.919695
2.469975 2.939644
2.471400 2.959594
2.470000 2.940000
2.470000 2.960000
2.470000 2.980000
2.470000 3.000000
2.470000 3.020000
2.470000 3.040000
2.470000 3.030000
2.470000 3.050000
2.470000 3.070000
2.470000 3.060000
2.467519 3.079846
2.465039 3.099691
2.462558 3.119537
2.460077 3.139382
2.457597 3.159228
2.460000 3.140000
2.456078 3.159611
2.452155 3.179223
2.448233 3.198835
2.444311 3.218446
2.440388 3.238058
2.436466 3.257670
2.440000 3.240000
2.433675 3.258974
2.427351 3.277947
2.421026 3.296921
2.414702 3.315895
2.408377 3.334868
2.410000 3.330000
2.403675 3.348974
2.397351 3.367947
2.391026 3.386921
2.384702 3.405895
2.378377 3.424869
2.372053 3.443842
2.365728 3.462816
2.370000 3.450000
2.365149 3.469403
2.360299 3.488806
2.355448 3.508209
2.350597 3.527611
2.345747 3.547014
2.350000 3.530000
2.343675 3.548974
2.337351 3.567947
2.340000 3.560000
2.335149 3.579403
2.330299 3.598806
2.325448 3.618209
2.320597 3.637611
2.315747 3.657014
2.320000 3.640000
2.311056 3.657888
2.302112 3.675777
2.310000 3.660000
2.310000 3.680000
2.310000 3.700000
2.310000 3.690000
2.290000 3.690000
2.300000 3.690000

0.710000 2.520000
0.710000 2.510000
0.724142 2.524142
0.738284 2.538284
0.730000 2.530000
0.744142 2.544142
0.758284 2.558284
0.750000 2.550000
0.769403 2.554851
0.788806 2.559701
0.808209 2.564552
0.790000 2.560000
0.807889 2.568944
0.825777 2.577888
0.843666 2.586833
0.830000 2.580000
0.847889 2.588944
0.865777 2.597888
0.883666 2.606833
0.870000 2.600000
0.889403 2.604851
0.908806 2.609702
0.928209 2.614552
0.910000 2.610000
0.928570 2.617428
0.947139 2.624856
0.965709 2.632283
0.960000 2.630000
0.977889 2.638944
0.995777 2.647888
1.013666 2.656833
1.000000 2.650000
1.018570 2.657428
1.037139 2.664856
1.055709 2.672283
1.050000 2.670000
1.067889 2.678944
1.085777 2.687888
1.070000 2.680000
1.088974 2.686324
1.107947 2.692649
1.126921 2.698974
1.145895 2.705298
1.130000 2.700000
1.149612 2.703923
1.169223 2.707844
1.188835 2.711767
1.180000 2.710000
1.199728 2.713288
1.219456 2.716576
1.239184 2.719864
1.258911 2.723152
1.240000 2.720000
1.259403 2.724851
1.278806 2.729702
1.298209 2.734552
1.280000 2.730000
1.299612 2.733922
1.319223 2.737844
1.338835 2.741767
1.330000 2.740000
1.348570 2.747428
1.367139 2.754856
1.385709 2.762283
1.380000 2.760000
1.399612 2.763922
1.419223 2.767844
1.438835 2.771767
1.430000 2.770000
1.449612 2.773922
1.469223 2.777844
1.488835 2.781767
1.508446 2.785689
1.528058 2.789612
1.547670 2.793534
1.530000 2.790000
1.550000 2.790000
1.550000 2.790000
1.569728 2.793288
1.589456 2.796576
1.609184 2.799864
1.628911 2.803152
1.610000 2.800000
1.630000 2.800000
1.650000 2.800000
1.670000 2.800000
1.670000 2.800000
1.690000 2.800000
1.710000 2.800000
1.730000 2.800000
1.720000 2.800000
1.739728 2.803288
1.759456 2.806576
1.779184 2.809864
1.798911 2.813152
1.780000 2.810000
1.800000 2.810000
1.820000 2.810000
1.840000 2.810000
1.830000 2.810000
1.850000 2.810000
1.870000 2.810000
1.890000 2.810000
1.910000 2.810000
1.930000 2.810000
1.930000 2.810000
1.949612 2.806077
1.969223 2.802155
1.988835 2.798233
1.980000 2.800000
2.000000 2.800000
2.000000 2.800000
2.020000 2.800000
2.040000 2.800000
2.040000 2.800000
2.060000 2.800000
2.080000 2.800000
2.100000 2.800000
2.100000 2.800000
2.119728 2.796712
2.139456 2.793424
2.159184 2.790136
2.178911 2.786848
2.160000 2.790000
2.180000 2.790000
2.200000 2.790000
2.200000 2.790000
2.219403 2.785149
2.238806 2.780298
2.258209 2.775448
2.240000 2.780000
2.259799 2.777172
2.279598 2.774343
2.299397 2.771515
2.319196 2.768686
2.310000 2.770000
2.330000 2.770000
2.330000 2.770000
2.349403 2.765149
2.368806 2.760298
2.388209 2.755448
2.370000 2.760000
2.389612 2.756078
2.409223 2.752156
2.428835 2.748233
2.420000 2.750000
2.439403 2.745149
2.458806 2.740299
2.478209 2.735448
2.460000 2.740000
2.478974 2.733675
2.497947 2.727351
2.516921 2.721026
2.535895 2.714702
2.520000 2.720000
2.537889 2.711056
2.555777 2.702111
2.540000 2.710000
2.558974 2.703676
2.577947 2.697351
2.570000 2.700000
2.586641 2.688906
2.603282 2.677812
2.600000 2.680000
2.614142 2.665858
2.610000 2.670000
2.627888 2.661056
2.645777 2.652112
2.663666 2.643167
2.681554 2.634223
2.670000 2.640000
2.688974 2.633676
2.707947 2.627351
2.700000 2.630000
2.717889 2.621056
2.735777 2.612112
2.720000 2.620000
2.738974 2.613676
2.757947 2.607351
2.750000 2.610000
2.766000 2.598000
2.782000 2.586000
2.798000 2.574000
2.790000 2.580000
2.804142 2.565858
2.800000 2.570000
2.814142 2.555858
2.828284 2.541716
2.842427 2.527574
2.830000 2.540000
2.830000 2.520000
2.830000 2.530000
2.844142 2.515858
2.840000 2.520000
2.848944 2.502111
2.857888 2.484223
2.850000 2.500000
2.864142 2.485858
2.860000 2.490000
2.874142 2.475858
2.870000 2.480000
2.870000 2.460000
2.870000 2.460000
2.855858 2.445858
2.860000 2.450000
2.845858 2.435858
2.850000 2.440000
2.835858 2.425858
2.840000 2.430000

0.910000 3.230000
0.910000 3.220000
0.924142 3.234142
0.920000 3.230000
0.928944 3.247889
0.937889 3.265777
0.930000 3.250000
0.950000 3.250000
0.940000 3.250000
0.954142 3.264142
0.968284 3.278284
0.960000 3.270000
0.976000 3.282000
0.992000 3.294000
1.008000 3.306000
1.000000 3.300000
1.018570 3.307428
1.037139 3.314856
1.055709 3.322283
1.050000 3.320000
1.064142 3.334142
1.060000 3.330000
1.079403 3.334851
1.098806 3.339702
1.118209 3.344552
1.100000 3.340000
1.119231 3.345494
1.138461 3.350989
1.157691 3.356483
1.176922 3.361978
1.170000 3.360000
1.188974 3.366324
1.207947 3.372649
1.226921 3.378974
1.245895 3.385298
1.230000 3.380000
1.247889 3.388944
1.265777 3.397888
1.250000 3.390000
1.269230 3.395494
1.288461 3.400989
1.307691 3.406483
1.326922 3.411978
1.320000 3.410000
1.339878 3.412209
1.359755 3.414417
1.379633 3.416626
1.399511 3.418834
1.419388 3.421043
1.410000 3.420000
1.429728 3.423288
1.449456 3.426576
1.469184 3.429864
1.488911 3.433152
1.470000 3.430000
1.488974 3.436324
1.507947 3.442649
1.500000 3.440000
1.518383 3.447878
1.536766 3.455757
1.555149 3.463635
1.573532 3.471514
1.570000 3.470000
1.590000 3.470000
1.610000 3.470000
1.630000 3.470000
1.620000 3.470000
1.639799 3.472828
1.659598 3.475657
1.679397 3.478485
1.699196 3.481314
1.690000 3.480000
1.708974 3.486325
1.727947 3.492649
1.720000 3.490000
1.739728 3.493288
1.759456 3.496576
1.779184 3.499864
1.798911 3.503152
1.780000 3.500000
1.799728 3.503288
1.819456 3.506576
1.839184 3.509864
1.858911 3.513152
1.840000 3.510000
1.860000 3.510000
1.880000 3.510000
1.900000 3.510000
1.890000 3.510000
1.910000 3.510000
1.930000 3.510000
1.930000 3.510000
1.948974 3.516325
1.967947 3.522649
1.960000 3.520000
1.980000 3.520000
2.000000 3.520000
2.020000 3.520000
2.020000 3.520000
2.037889 3.528944
2.055777 3.537889
2.040000 3.530000
2.059799 3.527172
2.079598 3.524343
2.099397 3.521515
2.119196 3.518686
2.110000 3.520000
2.130000 3.520000
2.150000 3.520000
2.140000 3.520000
2.157888 3.511056
2.175777 3.502111
2.193666 3.493167
2.180000 3.500000
2.198974 3.493675
2.217947 3.487351
2.236921 3.481026
2.255895 3.474702
2.240000 3.480000
2.257889 3.471056
2.275777 3.462111
2.293666 3.453167
2.311554 3.444223
2.300000 3.450000
2.318569 3.442572
2.337139 3.435144
2.355709 3.427717
2.350000 3.430000
2.367888 3.421056
2.385777 3.412112
2.370000 3.420000
2.387888 3.411056
2.405777 3.402112
2.423666 3.393167
2.410000 3.400000
2.427888 3.391056
2.445777 3.382112
2.430000 3.390000
2.448974 3.383676
2.467947 3.377351
2.460000 3.380000
2.478974 3.373676
2.497947 3.367351
2.490000 3.370000
2.504142 3.355858
2.518284 3.341716
2.510000 3.350000
2.527889 3.341056
2.545777 3.332112
2.530000 3.340000
2.547889 3.331056
2.565777 3.322112
2.550000 3.330000
2.564142 3.315858
2.560000 3.320000
2.574142 3.305858
2.570000 3.310000
2.584142 3.295858
2.580000 3.300000
2.594142 3.285858
2.590000 3.290000
2.610000 3.290000
2.600000 3.290000
2.600000 3.270000
2.600000 3.270000
2.600000 3.250000
2.600000 3.260000
2.585858 3.245858
2.590000 3.250000
2.575858 3.235858
2.580000 3.240000

concave
1.748944 0.477889
1.757888 0.495777
1.750000 0.480000
1.750000 0.500000
1.750000 0.500000
1.750000 0.520000
1.750000 0.520000
1.750000 0.540000
1.750000 0.540000
1.750000 0.560000
1.750000 0.580000
1.750000 0.570000
1.750000 0.590000
1.750000 0.610000
1.750000 0.600000
1.750000 0.620000
1.750000 0.640000
1.750000 0.630000
1.750000 0.650000
1.750000 0.670000
1.750000 0.660000
1.745149 0.679403
1.740299 0.698806
1.735448 0.718209
1.740000 0.700000
1.740000 0.720000
1.740000 0.740000
1.740000 0.730000
1.740000 0.750000
1.740000 0.770000
1.740000 0.770000
1.740000 0.790000
1.740000 0.810000
1.740000 0.800000
1.740000 0.820000
1.740000 0.820000
1.740000 0.840000
1.740000 0.860000
1.740000 0.860000
1.740000 0.880000
1.740000 0.880000
1.740000 0.900000
1.740000 0.900000
1.740000 0.920000
1.740000 0.920000
1.740000 0.940000
1.740000 0.930000
1.740000 0.950000
1.740000 0.970000
1.740000 0.970000
1.740000 0.990000
1.740000 0.990000
1.740000 1.010000
1.740000 1.010000
1.740000 1.030000
1.740000 1.020000
1.740000 1.040000
1.740000 1.030000
1.740000 1.050000
1.740000 1.050000
1.740000 1.070000
1.740000 1.060000
1.740000 1.080000
1.740000 1.100000
1.740000 1.100000
1.740000 1.120000
1.740000 1.120000
1.740000 1.140000
1.740000 1.140000
1.740000 1.160000
1.740000 1.180000
1.740000 1.170000
1.733675 1.188974
1.727351 1.207947
1.730000 1.200000
1.730000 1.220000
1.730000 1.240000
1.730000 1.230000
1.730000 1.250000
1.730000 1.270000
1.730000 1.260000
1.723675 1.278974
1.717351 1.297947
1.720000 1.290000
1.720000 1.310000
1.720000 1.330000
1.720000 1.320000
1.720000 1.340000
1.720000 1.360000
1.720000 1.350000
1.720000 1.370000
1.720000 1.370000
1.720000 1.390000
1.720000 1.410000
1.720000 1.400000
1.720000 1.420000
1.720000 1.440000
1.720000 1.430000
1.720000 1.450000
1.720000 1.470000
1.720000 1.460000
1.720000 1.480000
1.720000 1.480000
1.720000 1.500000
1.720000 1.500000
1.720000 1.520000
1.720000 1.520000
1.720000 1.540000
1.720000 1.560000
1.720000 1.550000
1.720000 1.570000
1.720000 1.570000
1.720000 1.590000
1.720000 1.590000
1.720000 1.610000
1.720000 1.610000
1.720000 1.630000
1.720000 1.630000
1.720000 1.650000
1.720000 1.640000
1.700000 1.640000
1.710000 1.640000
1.690000 1.640000
1.700000 1.640000

1.480000 0.640000
1.470000 0.640000
1.490000 0.640000
1.490000 0.640000
1.510000 0.640000
1.500000 0.640000
1.520000 0.640000
1.540000 0.640000
1.540000 0.640000
1.554142 0.625858
1.550000 0.630000
1.567888 0.621056
1.585777 0.612111
1.570000 0.620000
1.587888 0.611056
1.605777 0.602111
1.590000 0.610000
1.607888 0.601056
1.625777 0.592111
1.610000 0.600000
1.630000 0.600000
1.620000 0.600000
1.637888 0.608944
1.655777 0.617889
1.640000 0.610000
1.658974 0.616325
1.677947 0.622649
1.670000 0.620000
1.688974 0.626325
1.707947 0.632649
1.700000 0.630000
1.720000 0.630000
1.740000 0.630000
1.730000 0.630000
1.744142 0.615858
1.740000 0.620000
1.760000 0.620000
1.760000 0.620000
1.780000 0.620000
1.800000 0.620000
1.790000 0.620000
1.807889 0.628944
1.825777 0.637889
1.810000 0.630000
1.830000 0.630000
1.820000 0.630000
1.840000 0.630000
1.860000 0.630000
1.850000 0.630000
1.870000 0.630000
1.890000 0.630000
1.890000 0.630000
1.908974 0.636325
1.927947 0.642649
1.920000 0.640000
1.940000 0.640000
1.940000 0.640000
1.958974 0.646325
1.977947 0.652649
1.970000 0.650000
1.987888 0.658944
2.005777 0.667889
1.990000 0.660000
2.007889 0.668944
2.025777 0.677889
2.010000 0.670000
2.027889 0.678944
2.045777 0.687889
2.030000 0.680000
2.015858 0.665858
2.020000 0.670000
2.005858 0.655858
2.010000 0.660000
1.990000 0.660000
2.000000 0.660000

1.470000 1.100000
1.460000 1.100000
1.480000 1.100000
1.470000 1.100000
1.486641 1.088906
1.503282 1.077812
1.500000 1.080000
1.518974 1.073676
1.537947 1.067351
1.556921 1.061026
1.575895 1.054702
1.560000 1.060000
1.577888 1.051056
1.595777 1.042111
1.580000 1.050000
1.599878 1.047791
1.619755 1.045583
1.639633 1.043374
1.659511 1.041165
1.679388 1.038957
1.670000 1.040000
1.690000 1.040000
1.710000 1.040000
1.730000 1.040000
1.730000 1.040000
1.750000 1.040000
1.740000 1.040000
1.760000 1.040000
1.780000 1.040000
1.800000 1.040000
1.820000 1.040000
1.810000 1.040000
1.829728 1.043288
1.849456 1.046576
1.869184 1.049864
1.888911 1.053152
1.870000 1.050000
1.890000 1.050000
1.880000 1.050000
1.898569 1.057428
1.917139 1.064856
1.935709 1.072284
1.930000 1.070000
1.947888 1.078944
1.965777 1.087889
1.983666 1.096833
1.970000 1.090000
1.987888 1.098944
2.005777 1.107889
2.023666 1.116833
2.010000 1.110000
1.995858 1.095858
2.000000 1.100000

1.470000 1.460000
1.460000 1.460000
1.477888 1.451056
1.495777 1.442111
1.480000 1.450000
1.497888 1.441056
1.515777 1.432112
1.533666 1.423167
1.551554 1.414223
1.569443 1.405279
1.560000 1.410000
1.579295 1.404738
1.598590 1.399475
1.617886 1.394213
1.637181 1.388951
1.656476 1.383688
1.675772 1.378426
1.670000 1.380000
1.689918 1.378189
1.709836 1.376379
1.729754 1.374568
1.749671 1.372757
1.769589 1.370946
1.789507 1.369136
1.780000 1.370000
1.800000 1.370000
1.820000 1.370000
1.840000 1.370000
1.830000 1.370000
1.849799 1.372828
1.869598 1.375657
1.889397 1.378485
1.909196 1.381314
1.900000 1.380000
1.918974 1.386325
1.937947 1.392649
1.956921 1.398974
1.975895 1.405298
1.960000 1.400000
1.976641 1.411094
1.993282 1.422188
1.990000 1.420000
1.990000 1.440000
1.990000 1.440000
1.970000 1.440000
1.980000 1.440000

2.230000 1.860000
2.230000 1.850000
2.215858 1.835858
2.220000 1.840000
2.200000 1.840000
2.210000 1.840000
2.210000 1.820000
2.210000 1.830000
2.195858 1.815858
2.200000 1.820000
2.200000 1.800000
2.200000 1.800000
2.185858 1.785858
2.190000 1.790000
2.175858 1.775858
2.180000 1.780000
2.180000 1.760000
2.180000 1.770000
2.171056 1.752112
2.162112 1.734223
2.170000 1.750000
2.161056 1.732111
2.152112 1.714223
2.160000 1.730000
2.145858 1.715858
2.150000 1.720000
2.135858 1.705858
2.140000 1.710000
2.131056 1.692111
2.122112 1.674223
2.130000 1.690000
2.130000 1.670000
2.130000 1.680000
2.115858 1.665858
2.120000 1.670000
2.120000 1.650000
2.120000 1.660000
2.105858 1.645858
2.110000 1.650000
2.098906 1.633359
2.087812 1.616718
2.090000 1.620000
2.090000 1.600000
2.090000 1.600000
2.075858 1.585858
2.080000 1.590000
2.071056 1.572111
2.062112 1.554223
2.070000 1.570000
2.055858 1.555858
2.060000 1.560000
2.060000 1.540000
2.060000 1.520000
2.060000 1.530000
2.051056 1.512112
2.042111 1.494223
2.050000 1.510000
2.041056 1.492112
2.032111 1.474223
2.040000 1.490000
2.025858 1.475858
2.030000 1.480000
2.030000 1.460000
2.030000 1.470000
2.021056 1.452111
2.012111 1.434223
2.020000 1.450000
2.013675 1.431026
2.007351 1.412053
2.010000 1.420000
2.010000 1.400000
2.010000 1.410000
2.010000 1.390000
2.010000 1.390000
2.001056 1.372112
1.992112 1.354223
2.000000 1.370000
2.000000 1.350000
2.000000 1.350000
1.991056 1.332111
1.982111 1.314223
1.990000 1.330000
1.985149 1.310597
1.980299 1.291194
1.975448 1.271791
1.980000 1.290000
1.980000 1.270000
1.980000 1.250000
1.980000 1.260000
1.980000 1.240000
1.980000 1.220000
1.980000 1.220000
1.980000 1.200000
1.980000 1.180000
1.980000 1.190000
1.971056 1.172111
1.962111 1.154223
1.970000 1.170000
1.970000 1.150000
1.970000 1.150000
1.970000 1.130000
1.970000 1.110000
1.970000 1.110000
1.970000 1.090000
1.970000 1.100000
1.970000 1.080000
1.970000 1.060000
1.970000 1.070000
1.970000 1.050000
1.970000 1.050000
1.970000 1.030000
1.970000 1.030000
1.970000 1.010000
1.970000 1.020000
1.970000 1.000000
1.970000 0.980000
1.970000 0.980000
1.970000 0.960000
1.970000 0.940000
1.970000 0.920000
1.970000 0.900000
1.970000 0.910000
1.970000 0.890000
1.970000 0.900000
1.976325 0.881026
1.982649 0.862053
1.980000 0.870000
1.980000 0.850000
1.980000 0.830000
1.980000 0.810000
1.980000 0.820000
1.984851 0.800597
1.989701 0.781194
1.994552 0.761791
1.999403 0.742389
2.004254 0.722986
2.000000 0.740000
2.007022 0.721273
2.014045 0.702547
2.021067 0.683820
2.028090 0.665094
2.035112 0.646367
2.030000 0.660000
2.034339 0.640476
2.038677 0.620953
2.043016 0.601429
2.047354 0.581905
2.051693 0.562381
2.050000 0.570000
2.053922 0.550388
2.057845 0.530777
2.061767 0.511165
2.060000 0.520000
2.064851 0.500597
2.069701 0.481194
2.074552 0.461791
2.070000 0.480000
2.078944 0.462111
2.087888 0.444223
2.080000 0.460000
2.080000 0.440000
2.080000 0.450000
2.100000 0.450000
2.090000 0.450000

1.460000 0.480000
1.450000 0.480000
1.464142 0.494142
1.460000 0.490000
1.471094 0.506641
1.482188 0.523282
1.480000 0.520000
1.480000 0.540000
1.480000 0.560000
1.480000 0.560000
1.488944 0.577889
1.497888 0.595777
1.490000 0.580000
1.490000 0.600000
1.490000 0.600000
1.490000 0.620000
1.490000 0.610000
1.490000 0.630000
1.490000 0.650000
1.490000 0.640000
1.493922 0.659612
1.497845 0.679223
1.501767 0.698835
1.500000 0.690000
1.500000 0.710000
1.500000 0.730000
1.500000 0.730000
1.500000 0.750000
1.500000 0.770000
1.500000 0.760000
1.500000 0.780000
1.500000 0.800000
1.500000 0.820000
1.500000 0.810000
1.502481 0.829846
1.504961 0.849691
1.507442 0.869537
1.509923 0.889382
1.512403 0.909228
1.510000 0.890000
1.510000 0.910000
1.510000 0.910000
1.510000 0.930000
1.510000 0.950000
1.510000 0.940000
1.510000 0.960000
1.510000 0.950000
1.510000 0.970000
1.510000 0.990000
1.510000 0.990000
1.510000 1.010000
1.510000 1.030000
1.510000 1.050000
1.510000 1.070000
1.510000 1.070000
1.505149 1.089403
1.500299 1.108806
1.495448 1.128209
1.500000 1.110000
1.500000 1.130000
1.500000 1.150000
1.500000 1.170000
1.500000 1.170000
1.500000 1.190000
1.500000 1.180000
1.500000 1.200000
1.500000 1.190000
1.495149 1.209403
1.490299 1.228806
1.485448 1.248209
1.490000 1.230000
1.490000 1.250000
1.490000 1.250000
1.485149 1.269403
1.480299 1.288806
1.475448 1.308209
1.480000 1.290000
1.473675 1.308974
1.467351 1.327947
1.461026 1.346921
1.454702 1.365895
1.460000 1.350000
1.451056 1.367888
1.442111 1.385777
1.450000 1.370000
1.443675 1.388974
1.437351 1.407947
1.431026 1.426921
1.424702 1.445895
1.430000 1.430000
1.423675 1.448974
1.417351 1.467947
1.420000 1.460000
1.412572 1.478570
1.405144 1.497139
1.397717 1.515709
1.400000 1.510000
1.395149 1.529403
1.390299 1.548806
1.385448 1.568209
1.380597 1.587611
1.375746 1.607014
1.380000 1.590000
1.372820 1.608667
1.365641 1.627334
1.358461 1.646001
1.351282 1.664668
1.344102 1.683334
1.336922 1.702001
1.329743 1.720668
1.330000 1.720000
1.322572 1.738569
1.315144 1.757139
1.307716 1.775709
1.300289 1.794278
1.292861 1.812848
1.285433 1.831417
1.290000 1.820000
1.283675 1.838974
1.277351 1.857947
1.280000 1.850000
1.265858 1.864142
1.270000 1.860000

